Atom_Num: [      720  ]
Super_Cell: [ 15.117809626 ,  80.518304194 ,  83.677076282 ]

Atom_Red:
 - [ 0.500000000 , 0.000000000 , 0.000000000 ]
 - [ 0.500000000 , 0.000000000 , 0.055555556 ]
 - [ 0.500000000 , 0.000000000 , 0.111111111 ]
 - [ 0.500000000 , 0.000000000 , 0.166666667 ]
 - [ 0.500000000 , 0.000000000 , 0.222222222 ]
 - [ 0.500000000 , 0.000000000 , 0.277777778 ]
 - [ 0.500000000 , 0.000000000 , 0.333333333 ]
 - [ 0.500000000 , 0.000000000 , 0.388888889 ]
 - [ 0.500000000 , 0.000000000 , 0.444444444 ]
 - [ 0.500000000 , 0.000000000 , 0.500000000 ]
 - [ 0.500000000 , 0.000000000 , 0.555555556 ]
 - [ 0.500000000 , 0.000000000 , 0.611111111 ]
 - [ 0.500000000 , 0.000000000 , 0.666666667 ]
 - [ 0.500000000 , 0.000000000 , 0.722222222 ]
 - [ 0.500000000 , 0.000000000 , 0.777777778 ]
 - [ 0.500000000 , 0.000000000 , 0.833333333 ]
 - [ 0.500000000 , 0.000000000 , 0.888888889 ]
 - [ 0.500000000 , 0.000000000 , 0.944444444 ]
 - [ 0.500000000 , 0.100000000 , 0.000000000 ]
 - [ 0.500000000 , 0.100000000 , 0.055555556 ]
 - [ 0.500000000 , 0.100000000 , 0.111111111 ]
 - [ 0.500000000 , 0.100000000 , 0.166666667 ]
 - [ 0.500000000 , 0.100000000 , 0.222222222 ]
 - [ 0.500000000 , 0.100000000 , 0.277777778 ]
 - [ 0.500000000 , 0.100000000 , 0.333333333 ]
 - [ 0.500000000 , 0.100000000 , 0.388888889 ]
 - [ 0.500000000 , 0.100000000 , 0.444444444 ]
 - [ 0.500000000 , 0.100000000 , 0.500000000 ]
 - [ 0.500000000 , 0.100000000 , 0.555555556 ]
 - [ 0.500000000 , 0.100000000 , 0.611111111 ]
 - [ 0.500000000 , 0.100000000 , 0.666666667 ]
 - [ 0.500000000 , 0.100000000 , 0.722222222 ]
 - [ 0.500000000 , 0.100000000 , 0.777777778 ]
 - [ 0.500000000 , 0.100000000 , 0.833333333 ]
 - [ 0.500000000 , 0.100000000 , 0.888888889 ]
 - [ 0.500000000 , 0.100000000 , 0.944444444 ]
 - [ 0.500000000 , 0.200000000 , 0.000000000 ]
 - [ 0.500000000 , 0.200000000 , 0.055555556 ]
 - [ 0.500000000 , 0.200000000 , 0.111111111 ]
 - [ 0.500000000 , 0.200000000 , 0.166666667 ]
 - [ 0.500000000 , 0.200000000 , 0.222222222 ]
 - [ 0.500000000 , 0.200000000 , 0.277777778 ]
 - [ 0.500000000 , 0.200000000 , 0.333333333 ]
 - [ 0.500000000 , 0.200000000 , 0.388888889 ]
 - [ 0.500000000 , 0.200000000 , 0.444444444 ]
 - [ 0.500000000 , 0.200000000 , 0.500000000 ]
 - [ 0.500000000 , 0.200000000 , 0.555555556 ]
 - [ 0.500000000 , 0.200000000 , 0.611111111 ]
 - [ 0.500000000 , 0.200000000 , 0.666666667 ]
 - [ 0.500000000 , 0.200000000 , 0.722222222 ]
 - [ 0.500000000 , 0.200000000 , 0.777777778 ]
 - [ 0.500000000 , 0.200000000 , 0.833333333 ]
 - [ 0.500000000 , 0.200000000 , 0.888888889 ]
 - [ 0.500000000 , 0.200000000 , 0.944444444 ]
 - [ 0.500000000 , 0.300000000 , 0.000000000 ]
 - [ 0.500000000 , 0.300000000 , 0.055555556 ]
 - [ 0.500000000 , 0.300000000 , 0.111111111 ]
 - [ 0.500000000 , 0.300000000 , 0.166666667 ]
 - [ 0.500000000 , 0.300000000 , 0.222222222 ]
 - [ 0.500000000 , 0.300000000 , 0.277777778 ]
 - [ 0.500000000 , 0.300000000 , 0.333333333 ]
 - [ 0.500000000 , 0.300000000 , 0.388888889 ]
 - [ 0.500000000 , 0.300000000 , 0.444444444 ]
 - [ 0.500000000 , 0.300000000 , 0.500000000 ]
 - [ 0.500000000 , 0.300000000 , 0.555555556 ]
 - [ 0.500000000 , 0.300000000 , 0.611111111 ]
 - [ 0.500000000 , 0.300000000 , 0.666666667 ]
 - [ 0.500000000 , 0.300000000 , 0.722222222 ]
 - [ 0.500000000 , 0.300000000 , 0.777777778 ]
 - [ 0.500000000 , 0.300000000 , 0.833333333 ]
 - [ 0.500000000 , 0.300000000 , 0.888888889 ]
 - [ 0.500000000 , 0.300000000 , 0.944444444 ]
 - [ 0.500000000 , 0.400000000 , 0.000000000 ]
 - [ 0.500000000 , 0.400000000 , 0.055555556 ]
 - [ 0.500000000 , 0.400000000 , 0.111111111 ]
 - [ 0.500000000 , 0.400000000 , 0.166666667 ]
 - [ 0.500000000 , 0.400000000 , 0.222222222 ]
 - [ 0.500000000 , 0.400000000 , 0.277777778 ]
 - [ 0.500000000 , 0.400000000 , 0.333333333 ]
 - [ 0.500000000 , 0.400000000 , 0.388888889 ]
 - [ 0.500000000 , 0.400000000 , 0.444444444 ]
 - [ 0.500000000 , 0.400000000 , 0.500000000 ]
 - [ 0.500000000 , 0.400000000 , 0.555555556 ]
 - [ 0.500000000 , 0.400000000 , 0.611111111 ]
 - [ 0.500000000 , 0.400000000 , 0.666666667 ]
 - [ 0.500000000 , 0.400000000 , 0.722222222 ]
 - [ 0.500000000 , 0.400000000 , 0.777777778 ]
 - [ 0.500000000 , 0.400000000 , 0.833333333 ]
 - [ 0.500000000 , 0.400000000 , 0.888888889 ]
 - [ 0.500000000 , 0.400000000 , 0.944444444 ]
 - [ 0.500000000 , 0.500000000 , 0.000000000 ]
 - [ 0.500000000 , 0.500000000 , 0.055555556 ]
 - [ 0.500000000 , 0.500000000 , 0.111111111 ]
 - [ 0.500000000 , 0.500000000 , 0.166666667 ]
 - [ 0.500000000 , 0.500000000 , 0.222222222 ]
 - [ 0.500000000 , 0.500000000 , 0.277777778 ]
 - [ 0.500000000 , 0.500000000 , 0.333333333 ]
 - [ 0.500000000 , 0.500000000 , 0.388888889 ]
 - [ 0.500000000 , 0.500000000 , 0.444444444 ]
 - [ 0.500000000 , 0.500000000 , 0.500000000 ]
 - [ 0.500000000 , 0.500000000 , 0.555555556 ]
 - [ 0.500000000 , 0.500000000 , 0.611111111 ]
 - [ 0.500000000 , 0.500000000 , 0.666666667 ]
 - [ 0.500000000 , 0.500000000 , 0.722222222 ]
 - [ 0.500000000 , 0.500000000 , 0.777777778 ]
 - [ 0.500000000 , 0.500000000 , 0.833333333 ]
 - [ 0.500000000 , 0.500000000 , 0.888888889 ]
 - [ 0.500000000 , 0.500000000 , 0.944444444 ]
 - [ 0.500000000 , 0.600000000 , 0.000000000 ]
 - [ 0.500000000 , 0.600000000 , 0.055555556 ]
 - [ 0.500000000 , 0.600000000 , 0.111111111 ]
 - [ 0.500000000 , 0.600000000 , 0.166666667 ]
 - [ 0.500000000 , 0.600000000 , 0.222222222 ]
 - [ 0.500000000 , 0.600000000 , 0.277777778 ]
 - [ 0.500000000 , 0.600000000 , 0.333333333 ]
 - [ 0.500000000 , 0.600000000 , 0.388888889 ]
 - [ 0.500000000 , 0.600000000 , 0.444444444 ]
 - [ 0.500000000 , 0.600000000 , 0.500000000 ]
 - [ 0.500000000 , 0.600000000 , 0.555555556 ]
 - [ 0.500000000 , 0.600000000 , 0.611111111 ]
 - [ 0.500000000 , 0.600000000 , 0.666666667 ]
 - [ 0.500000000 , 0.600000000 , 0.722222222 ]
 - [ 0.500000000 , 0.600000000 , 0.777777778 ]
 - [ 0.500000000 , 0.600000000 , 0.833333333 ]
 - [ 0.500000000 , 0.600000000 , 0.888888889 ]
 - [ 0.500000000 , 0.600000000 , 0.944444444 ]
 - [ 0.500000000 , 0.700000000 , 0.000000000 ]
 - [ 0.500000000 , 0.700000000 , 0.055555556 ]
 - [ 0.500000000 , 0.700000000 , 0.111111111 ]
 - [ 0.500000000 , 0.700000000 , 0.166666667 ]
 - [ 0.500000000 , 0.700000000 , 0.222222222 ]
 - [ 0.500000000 , 0.700000000 , 0.277777778 ]
 - [ 0.500000000 , 0.700000000 , 0.333333333 ]
 - [ 0.500000000 , 0.700000000 , 0.388888889 ]
 - [ 0.500000000 , 0.700000000 , 0.444444444 ]
 - [ 0.500000000 , 0.700000000 , 0.500000000 ]
 - [ 0.500000000 , 0.700000000 , 0.555555556 ]
 - [ 0.500000000 , 0.700000000 , 0.611111111 ]
 - [ 0.500000000 , 0.700000000 , 0.666666667 ]
 - [ 0.500000000 , 0.700000000 , 0.722222222 ]
 - [ 0.500000000 , 0.700000000 , 0.777777778 ]
 - [ 0.500000000 , 0.700000000 , 0.833333333 ]
 - [ 0.500000000 , 0.700000000 , 0.888888889 ]
 - [ 0.500000000 , 0.700000000 , 0.944444444 ]
 - [ 0.500000000 , 0.800000000 , 0.000000000 ]
 - [ 0.500000000 , 0.800000000 , 0.055555556 ]
 - [ 0.500000000 , 0.800000000 , 0.111111111 ]
 - [ 0.500000000 , 0.800000000 , 0.166666667 ]
 - [ 0.500000000 , 0.800000000 , 0.222222222 ]
 - [ 0.500000000 , 0.800000000 , 0.277777778 ]
 - [ 0.500000000 , 0.800000000 , 0.333333333 ]
 - [ 0.500000000 , 0.800000000 , 0.388888889 ]
 - [ 0.500000000 , 0.800000000 , 0.444444444 ]
 - [ 0.500000000 , 0.800000000 , 0.500000000 ]
 - [ 0.500000000 , 0.800000000 , 0.555555556 ]
 - [ 0.500000000 , 0.800000000 , 0.611111111 ]
 - [ 0.500000000 , 0.800000000 , 0.666666667 ]
 - [ 0.500000000 , 0.800000000 , 0.722222222 ]
 - [ 0.500000000 , 0.800000000 , 0.777777778 ]
 - [ 0.500000000 , 0.800000000 , 0.833333333 ]
 - [ 0.500000000 , 0.800000000 , 0.888888889 ]
 - [ 0.500000000 , 0.800000000 , 0.944444444 ]
 - [ 0.500000000 , 0.900000000 , 0.000000000 ]
 - [ 0.500000000 , 0.900000000 , 0.055555556 ]
 - [ 0.500000000 , 0.900000000 , 0.111111111 ]
 - [ 0.500000000 , 0.900000000 , 0.166666667 ]
 - [ 0.500000000 , 0.900000000 , 0.222222222 ]
 - [ 0.500000000 , 0.900000000 , 0.277777778 ]
 - [ 0.500000000 , 0.900000000 , 0.333333333 ]
 - [ 0.500000000 , 0.900000000 , 0.388888889 ]
 - [ 0.500000000 , 0.900000000 , 0.444444444 ]
 - [ 0.500000000 , 0.900000000 , 0.500000000 ]
 - [ 0.500000000 , 0.900000000 , 0.555555556 ]
 - [ 0.500000000 , 0.900000000 , 0.611111111 ]
 - [ 0.500000000 , 0.900000000 , 0.666666667 ]
 - [ 0.500000000 , 0.900000000 , 0.722222222 ]
 - [ 0.500000000 , 0.900000000 , 0.777777778 ]
 - [ 0.500000000 , 0.900000000 , 0.833333333 ]
 - [ 0.500000000 , 0.900000000 , 0.888888889 ]
 - [ 0.500000000 , 0.900000000 , 0.944444444 ]
 - [ 0.500000000 , 0.066666667 , 0.000000000 ]
 - [ 0.500000000 , 0.066666667 , 0.055555556 ]
 - [ 0.500000000 , 0.066666667 , 0.111111111 ]
 - [ 0.500000000 , 0.066666667 , 0.166666667 ]
 - [ 0.500000000 , 0.066666667 , 0.222222222 ]
 - [ 0.500000000 , 0.066666667 , 0.277777778 ]
 - [ 0.500000000 , 0.066666667 , 0.333333333 ]
 - [ 0.500000000 , 0.066666667 , 0.388888889 ]
 - [ 0.500000000 , 0.066666667 , 0.444444444 ]
 - [ 0.500000000 , 0.066666667 , 0.500000000 ]
 - [ 0.500000000 , 0.066666667 , 0.555555556 ]
 - [ 0.500000000 , 0.066666667 , 0.611111111 ]
 - [ 0.500000000 , 0.066666667 , 0.666666667 ]
 - [ 0.500000000 , 0.066666667 , 0.722222222 ]
 - [ 0.500000000 , 0.066666667 , 0.777777778 ]
 - [ 0.500000000 , 0.066666667 , 0.833333333 ]
 - [ 0.500000000 , 0.066666667 , 0.888888889 ]
 - [ 0.500000000 , 0.066666667 , 0.944444444 ]
 - [ 0.500000000 , 0.166666667 , 0.000000000 ]
 - [ 0.500000000 , 0.166666667 , 0.055555556 ]
 - [ 0.500000000 , 0.166666667 , 0.111111111 ]
 - [ 0.500000000 , 0.166666667 , 0.166666667 ]
 - [ 0.500000000 , 0.166666667 , 0.222222222 ]
 - [ 0.500000000 , 0.166666667 , 0.277777778 ]
 - [ 0.500000000 , 0.166666667 , 0.333333333 ]
 - [ 0.500000000 , 0.166666667 , 0.388888889 ]
 - [ 0.500000000 , 0.166666667 , 0.444444444 ]
 - [ 0.500000000 , 0.166666667 , 0.500000000 ]
 - [ 0.500000000 , 0.166666667 , 0.555555556 ]
 - [ 0.500000000 , 0.166666667 , 0.611111111 ]
 - [ 0.500000000 , 0.166666667 , 0.666666667 ]
 - [ 0.500000000 , 0.166666667 , 0.722222222 ]
 - [ 0.500000000 , 0.166666667 , 0.777777778 ]
 - [ 0.500000000 , 0.166666667 , 0.833333333 ]
 - [ 0.500000000 , 0.166666667 , 0.888888889 ]
 - [ 0.500000000 , 0.166666667 , 0.944444444 ]
 - [ 0.500000000 , 0.266666667 , 0.000000000 ]
 - [ 0.500000000 , 0.266666667 , 0.055555556 ]
 - [ 0.500000000 , 0.266666667 , 0.111111111 ]
 - [ 0.500000000 , 0.266666667 , 0.166666667 ]
 - [ 0.500000000 , 0.266666667 , 0.222222222 ]
 - [ 0.500000000 , 0.266666667 , 0.277777778 ]
 - [ 0.500000000 , 0.266666667 , 0.333333333 ]
 - [ 0.500000000 , 0.266666667 , 0.388888889 ]
 - [ 0.500000000 , 0.266666667 , 0.444444444 ]
 - [ 0.500000000 , 0.266666667 , 0.500000000 ]
 - [ 0.500000000 , 0.266666667 , 0.555555556 ]
 - [ 0.500000000 , 0.266666667 , 0.611111111 ]
 - [ 0.500000000 , 0.266666667 , 0.666666667 ]
 - [ 0.500000000 , 0.266666667 , 0.722222222 ]
 - [ 0.500000000 , 0.266666667 , 0.777777778 ]
 - [ 0.500000000 , 0.266666667 , 0.833333333 ]
 - [ 0.500000000 , 0.266666667 , 0.888888889 ]
 - [ 0.500000000 , 0.266666667 , 0.944444444 ]
 - [ 0.500000000 , 0.366666667 , 0.000000000 ]
 - [ 0.500000000 , 0.366666667 , 0.055555556 ]
 - [ 0.500000000 , 0.366666667 , 0.111111111 ]
 - [ 0.500000000 , 0.366666667 , 0.166666667 ]
 - [ 0.500000000 , 0.366666667 , 0.222222222 ]
 - [ 0.500000000 , 0.366666667 , 0.277777778 ]
 - [ 0.500000000 , 0.366666667 , 0.333333333 ]
 - [ 0.500000000 , 0.366666667 , 0.388888889 ]
 - [ 0.500000000 , 0.366666667 , 0.444444444 ]
 - [ 0.500000000 , 0.366666667 , 0.500000000 ]
 - [ 0.500000000 , 0.366666667 , 0.555555556 ]
 - [ 0.500000000 , 0.366666667 , 0.611111111 ]
 - [ 0.500000000 , 0.366666667 , 0.666666667 ]
 - [ 0.500000000 , 0.366666667 , 0.722222222 ]
 - [ 0.500000000 , 0.366666667 , 0.777777778 ]
 - [ 0.500000000 , 0.366666667 , 0.833333333 ]
 - [ 0.500000000 , 0.366666667 , 0.888888889 ]
 - [ 0.500000000 , 0.366666667 , 0.944444444 ]
 - [ 0.500000000 , 0.466666667 , 0.000000000 ]
 - [ 0.500000000 , 0.466666667 , 0.055555556 ]
 - [ 0.500000000 , 0.466666667 , 0.111111111 ]
 - [ 0.500000000 , 0.466666667 , 0.166666667 ]
 - [ 0.500000000 , 0.466666667 , 0.222222222 ]
 - [ 0.500000000 , 0.466666667 , 0.277777778 ]
 - [ 0.500000000 , 0.466666667 , 0.333333333 ]
 - [ 0.500000000 , 0.466666667 , 0.388888889 ]
 - [ 0.500000000 , 0.466666667 , 0.444444444 ]
 - [ 0.500000000 , 0.466666667 , 0.500000000 ]
 - [ 0.500000000 , 0.466666667 , 0.555555556 ]
 - [ 0.500000000 , 0.466666667 , 0.611111111 ]
 - [ 0.500000000 , 0.466666667 , 0.666666667 ]
 - [ 0.500000000 , 0.466666667 , 0.722222222 ]
 - [ 0.500000000 , 0.466666667 , 0.777777778 ]
 - [ 0.500000000 , 0.466666667 , 0.833333333 ]
 - [ 0.500000000 , 0.466666667 , 0.888888889 ]
 - [ 0.500000000 , 0.466666667 , 0.944444444 ]
 - [ 0.500000000 , 0.566666667 , 0.000000000 ]
 - [ 0.500000000 , 0.566666667 , 0.055555556 ]
 - [ 0.500000000 , 0.566666667 , 0.111111111 ]
 - [ 0.500000000 , 0.566666667 , 0.166666667 ]
 - [ 0.500000000 , 0.566666667 , 0.222222222 ]
 - [ 0.500000000 , 0.566666667 , 0.277777778 ]
 - [ 0.500000000 , 0.566666667 , 0.333333333 ]
 - [ 0.500000000 , 0.566666667 , 0.388888889 ]
 - [ 0.500000000 , 0.566666667 , 0.444444444 ]
 - [ 0.500000000 , 0.566666667 , 0.500000000 ]
 - [ 0.500000000 , 0.566666667 , 0.555555556 ]
 - [ 0.500000000 , 0.566666667 , 0.611111111 ]
 - [ 0.500000000 , 0.566666667 , 0.666666667 ]
 - [ 0.500000000 , 0.566666667 , 0.722222222 ]
 - [ 0.500000000 , 0.566666667 , 0.777777778 ]
 - [ 0.500000000 , 0.566666667 , 0.833333333 ]
 - [ 0.500000000 , 0.566666667 , 0.888888889 ]
 - [ 0.500000000 , 0.566666667 , 0.944444444 ]
 - [ 0.500000000 , 0.666666667 , 0.000000000 ]
 - [ 0.500000000 , 0.666666667 , 0.055555556 ]
 - [ 0.500000000 , 0.666666667 , 0.111111111 ]
 - [ 0.500000000 , 0.666666667 , 0.166666667 ]
 - [ 0.500000000 , 0.666666667 , 0.222222222 ]
 - [ 0.500000000 , 0.666666667 , 0.277777778 ]
 - [ 0.500000000 , 0.666666667 , 0.333333333 ]
 - [ 0.500000000 , 0.666666667 , 0.388888889 ]
 - [ 0.500000000 , 0.666666667 , 0.444444444 ]
 - [ 0.500000000 , 0.666666667 , 0.500000000 ]
 - [ 0.500000000 , 0.666666667 , 0.555555556 ]
 - [ 0.500000000 , 0.666666667 , 0.611111111 ]
 - [ 0.500000000 , 0.666666667 , 0.666666667 ]
 - [ 0.500000000 , 0.666666667 , 0.722222222 ]
 - [ 0.500000000 , 0.666666667 , 0.777777778 ]
 - [ 0.500000000 , 0.666666667 , 0.833333333 ]
 - [ 0.500000000 , 0.666666667 , 0.888888889 ]
 - [ 0.500000000 , 0.666666667 , 0.944444444 ]
 - [ 0.500000000 , 0.766666667 , 0.000000000 ]
 - [ 0.500000000 , 0.766666667 , 0.055555556 ]
 - [ 0.500000000 , 0.766666667 , 0.111111111 ]
 - [ 0.500000000 , 0.766666667 , 0.166666667 ]
 - [ 0.500000000 , 0.766666667 , 0.222222222 ]
 - [ 0.500000000 , 0.766666667 , 0.277777778 ]
 - [ 0.500000000 , 0.766666667 , 0.333333333 ]
 - [ 0.500000000 , 0.766666667 , 0.388888889 ]
 - [ 0.500000000 , 0.766666667 , 0.444444444 ]
 - [ 0.500000000 , 0.766666667 , 0.500000000 ]
 - [ 0.500000000 , 0.766666667 , 0.555555556 ]
 - [ 0.500000000 , 0.766666667 , 0.611111111 ]
 - [ 0.500000000 , 0.766666667 , 0.666666667 ]
 - [ 0.500000000 , 0.766666667 , 0.722222222 ]
 - [ 0.500000000 , 0.766666667 , 0.777777778 ]
 - [ 0.500000000 , 0.766666667 , 0.833333333 ]
 - [ 0.500000000 , 0.766666667 , 0.888888889 ]
 - [ 0.500000000 , 0.766666667 , 0.944444444 ]
 - [ 0.500000000 , 0.866666667 , 0.000000000 ]
 - [ 0.500000000 , 0.866666667 , 0.055555556 ]
 - [ 0.500000000 , 0.866666667 , 0.111111111 ]
 - [ 0.500000000 , 0.866666667 , 0.166666667 ]
 - [ 0.500000000 , 0.866666667 , 0.222222222 ]
 - [ 0.500000000 , 0.866666667 , 0.277777778 ]
 - [ 0.500000000 , 0.866666667 , 0.333333333 ]
 - [ 0.500000000 , 0.866666667 , 0.388888889 ]
 - [ 0.500000000 , 0.866666667 , 0.444444444 ]
 - [ 0.500000000 , 0.866666667 , 0.500000000 ]
 - [ 0.500000000 , 0.866666667 , 0.555555556 ]
 - [ 0.500000000 , 0.866666667 , 0.611111111 ]
 - [ 0.500000000 , 0.866666667 , 0.666666667 ]
 - [ 0.500000000 , 0.866666667 , 0.722222222 ]
 - [ 0.500000000 , 0.866666667 , 0.777777778 ]
 - [ 0.500000000 , 0.866666667 , 0.833333333 ]
 - [ 0.500000000 , 0.866666667 , 0.888888889 ]
 - [ 0.500000000 , 0.866666667 , 0.944444444 ]
 - [ 0.500000000 , 0.966666667 , 0.000000000 ]
 - [ 0.500000000 , 0.966666667 , 0.055555556 ]
 - [ 0.500000000 , 0.966666667 , 0.111111111 ]
 - [ 0.500000000 , 0.966666667 , 0.166666667 ]
 - [ 0.500000000 , 0.966666667 , 0.222222222 ]
 - [ 0.500000000 , 0.966666667 , 0.277777778 ]
 - [ 0.500000000 , 0.966666667 , 0.333333333 ]
 - [ 0.500000000 , 0.966666667 , 0.388888889 ]
 - [ 0.500000000 , 0.966666667 , 0.444444444 ]
 - [ 0.500000000 , 0.966666667 , 0.500000000 ]
 - [ 0.500000000 , 0.966666667 , 0.555555556 ]
 - [ 0.500000000 , 0.966666667 , 0.611111111 ]
 - [ 0.500000000 , 0.966666667 , 0.666666667 ]
 - [ 0.500000000 , 0.966666667 , 0.722222222 ]
 - [ 0.500000000 , 0.966666667 , 0.777777778 ]
 - [ 0.500000000 , 0.966666667 , 0.833333333 ]
 - [ 0.500000000 , 0.966666667 , 0.888888889 ]
 - [ 0.500000000 , 0.966666667 , 0.944444444 ]
 - [ 0.500000000 , 0.050000000 , 0.027777778 ]
 - [ 0.500000000 , 0.050000000 , 0.083333333 ]
 - [ 0.500000000 , 0.050000000 , 0.138888889 ]
 - [ 0.500000000 , 0.050000000 , 0.194444444 ]
 - [ 0.500000000 , 0.050000000 , 0.250000000 ]
 - [ 0.500000000 , 0.050000000 , 0.305555556 ]
 - [ 0.500000000 , 0.050000000 , 0.361111111 ]
 - [ 0.500000000 , 0.050000000 , 0.416666667 ]
 - [ 0.500000000 , 0.050000000 , 0.472222222 ]
 - [ 0.500000000 , 0.050000000 , 0.527777778 ]
 - [ 0.500000000 , 0.050000000 , 0.583333333 ]
 - [ 0.500000000 , 0.050000000 , 0.638888889 ]
 - [ 0.500000000 , 0.050000000 , 0.694444444 ]
 - [ 0.500000000 , 0.050000000 , 0.750000000 ]
 - [ 0.500000000 , 0.050000000 , 0.805555556 ]
 - [ 0.500000000 , 0.050000000 , 0.861111111 ]
 - [ 0.500000000 , 0.050000000 , 0.916666667 ]
 - [ 0.500000000 , 0.050000000 , 0.972222222 ]
 - [ 0.500000000 , 0.150000000 , 0.027777778 ]
 - [ 0.500000000 , 0.150000000 , 0.083333333 ]
 - [ 0.500000000 , 0.150000000 , 0.138888889 ]
 - [ 0.500000000 , 0.150000000 , 0.194444444 ]
 - [ 0.500000000 , 0.150000000 , 0.250000000 ]
 - [ 0.500000000 , 0.150000000 , 0.305555556 ]
 - [ 0.500000000 , 0.150000000 , 0.361111111 ]
 - [ 0.500000000 , 0.150000000 , 0.416666667 ]
 - [ 0.500000000 , 0.150000000 , 0.472222222 ]
 - [ 0.500000000 , 0.150000000 , 0.527777778 ]
 - [ 0.500000000 , 0.150000000 , 0.583333333 ]
 - [ 0.500000000 , 0.150000000 , 0.638888889 ]
 - [ 0.500000000 , 0.150000000 , 0.694444444 ]
 - [ 0.500000000 , 0.150000000 , 0.750000000 ]
 - [ 0.500000000 , 0.150000000 , 0.805555556 ]
 - [ 0.500000000 , 0.150000000 , 0.861111111 ]
 - [ 0.500000000 , 0.150000000 , 0.916666667 ]
 - [ 0.500000000 , 0.150000000 , 0.972222222 ]
 - [ 0.500000000 , 0.250000000 , 0.027777778 ]
 - [ 0.500000000 , 0.250000000 , 0.083333333 ]
 - [ 0.500000000 , 0.250000000 , 0.138888889 ]
 - [ 0.500000000 , 0.250000000 , 0.194444444 ]
 - [ 0.500000000 , 0.250000000 , 0.250000000 ]
 - [ 0.500000000 , 0.250000000 , 0.305555556 ]
 - [ 0.500000000 , 0.250000000 , 0.361111111 ]
 - [ 0.500000000 , 0.250000000 , 0.416666667 ]
 - [ 0.500000000 , 0.250000000 , 0.472222222 ]
 - [ 0.500000000 , 0.250000000 , 0.527777778 ]
 - [ 0.500000000 , 0.250000000 , 0.583333333 ]
 - [ 0.500000000 , 0.250000000 , 0.638888889 ]
 - [ 0.500000000 , 0.250000000 , 0.694444444 ]
 - [ 0.500000000 , 0.250000000 , 0.750000000 ]
 - [ 0.500000000 , 0.250000000 , 0.805555556 ]
 - [ 0.500000000 , 0.250000000 , 0.861111111 ]
 - [ 0.500000000 , 0.250000000 , 0.916666667 ]
 - [ 0.500000000 , 0.250000000 , 0.972222222 ]
 - [ 0.500000000 , 0.350000000 , 0.027777778 ]
 - [ 0.500000000 , 0.350000000 , 0.083333333 ]
 - [ 0.500000000 , 0.350000000 , 0.138888889 ]
 - [ 0.500000000 , 0.350000000 , 0.194444444 ]
 - [ 0.500000000 , 0.350000000 , 0.250000000 ]
 - [ 0.500000000 , 0.350000000 , 0.305555556 ]
 - [ 0.500000000 , 0.350000000 , 0.361111111 ]
 - [ 0.500000000 , 0.350000000 , 0.416666667 ]
 - [ 0.500000000 , 0.350000000 , 0.472222222 ]
 - [ 0.500000000 , 0.350000000 , 0.527777778 ]
 - [ 0.500000000 , 0.350000000 , 0.583333333 ]
 - [ 0.500000000 , 0.350000000 , 0.638888889 ]
 - [ 0.500000000 , 0.350000000 , 0.694444444 ]
 - [ 0.500000000 , 0.350000000 , 0.750000000 ]
 - [ 0.500000000 , 0.350000000 , 0.805555556 ]
 - [ 0.500000000 , 0.350000000 , 0.861111111 ]
 - [ 0.500000000 , 0.350000000 , 0.916666667 ]
 - [ 0.500000000 , 0.350000000 , 0.972222222 ]
 - [ 0.500000000 , 0.450000000 , 0.027777778 ]
 - [ 0.500000000 , 0.450000000 , 0.083333333 ]
 - [ 0.500000000 , 0.450000000 , 0.138888889 ]
 - [ 0.500000000 , 0.450000000 , 0.194444444 ]
 - [ 0.500000000 , 0.450000000 , 0.250000000 ]
 - [ 0.500000000 , 0.450000000 , 0.305555556 ]
 - [ 0.500000000 , 0.450000000 , 0.361111111 ]
 - [ 0.500000000 , 0.450000000 , 0.416666667 ]
 - [ 0.500000000 , 0.450000000 , 0.472222222 ]
 - [ 0.500000000 , 0.450000000 , 0.527777778 ]
 - [ 0.500000000 , 0.450000000 , 0.583333333 ]
 - [ 0.500000000 , 0.450000000 , 0.638888889 ]
 - [ 0.500000000 , 0.450000000 , 0.694444444 ]
 - [ 0.500000000 , 0.450000000 , 0.750000000 ]
 - [ 0.500000000 , 0.450000000 , 0.805555556 ]
 - [ 0.500000000 , 0.450000000 , 0.861111111 ]
 - [ 0.500000000 , 0.450000000 , 0.916666667 ]
 - [ 0.500000000 , 0.450000000 , 0.972222222 ]
 - [ 0.500000000 , 0.550000000 , 0.027777778 ]
 - [ 0.500000000 , 0.550000000 , 0.083333333 ]
 - [ 0.500000000 , 0.550000000 , 0.138888889 ]
 - [ 0.500000000 , 0.550000000 , 0.194444444 ]
 - [ 0.500000000 , 0.550000000 , 0.250000000 ]
 - [ 0.500000000 , 0.550000000 , 0.305555556 ]
 - [ 0.500000000 , 0.550000000 , 0.361111111 ]
 - [ 0.500000000 , 0.550000000 , 0.416666667 ]
 - [ 0.500000000 , 0.550000000 , 0.472222222 ]
 - [ 0.500000000 , 0.550000000 , 0.527777778 ]
 - [ 0.500000000 , 0.550000000 , 0.583333333 ]
 - [ 0.500000000 , 0.550000000 , 0.638888889 ]
 - [ 0.500000000 , 0.550000000 , 0.694444444 ]
 - [ 0.500000000 , 0.550000000 , 0.750000000 ]
 - [ 0.500000000 , 0.550000000 , 0.805555556 ]
 - [ 0.500000000 , 0.550000000 , 0.861111111 ]
 - [ 0.500000000 , 0.550000000 , 0.916666667 ]
 - [ 0.500000000 , 0.550000000 , 0.972222222 ]
 - [ 0.500000000 , 0.650000000 , 0.027777778 ]
 - [ 0.500000000 , 0.650000000 , 0.083333333 ]
 - [ 0.500000000 , 0.650000000 , 0.138888889 ]
 - [ 0.500000000 , 0.650000000 , 0.194444444 ]
 - [ 0.500000000 , 0.650000000 , 0.250000000 ]
 - [ 0.500000000 , 0.650000000 , 0.305555556 ]
 - [ 0.500000000 , 0.650000000 , 0.361111111 ]
 - [ 0.500000000 , 0.650000000 , 0.416666667 ]
 - [ 0.500000000 , 0.650000000 , 0.472222222 ]
 - [ 0.500000000 , 0.650000000 , 0.527777778 ]
 - [ 0.500000000 , 0.650000000 , 0.583333333 ]
 - [ 0.500000000 , 0.650000000 , 0.638888889 ]
 - [ 0.500000000 , 0.650000000 , 0.694444444 ]
 - [ 0.500000000 , 0.650000000 , 0.750000000 ]
 - [ 0.500000000 , 0.650000000 , 0.805555556 ]
 - [ 0.500000000 , 0.650000000 , 0.861111111 ]
 - [ 0.500000000 , 0.650000000 , 0.916666667 ]
 - [ 0.500000000 , 0.650000000 , 0.972222222 ]
 - [ 0.500000000 , 0.750000000 , 0.027777778 ]
 - [ 0.500000000 , 0.750000000 , 0.083333333 ]
 - [ 0.500000000 , 0.750000000 , 0.138888889 ]
 - [ 0.500000000 , 0.750000000 , 0.194444444 ]
 - [ 0.500000000 , 0.750000000 , 0.250000000 ]
 - [ 0.500000000 , 0.750000000 , 0.305555556 ]
 - [ 0.500000000 , 0.750000000 , 0.361111111 ]
 - [ 0.500000000 , 0.750000000 , 0.416666667 ]
 - [ 0.500000000 , 0.750000000 , 0.472222222 ]
 - [ 0.500000000 , 0.750000000 , 0.527777778 ]
 - [ 0.500000000 , 0.750000000 , 0.583333333 ]
 - [ 0.500000000 , 0.750000000 , 0.638888889 ]
 - [ 0.500000000 , 0.750000000 , 0.694444444 ]
 - [ 0.500000000 , 0.750000000 , 0.750000000 ]
 - [ 0.500000000 , 0.750000000 , 0.805555556 ]
 - [ 0.500000000 , 0.750000000 , 0.861111111 ]
 - [ 0.500000000 , 0.750000000 , 0.916666667 ]
 - [ 0.500000000 , 0.750000000 , 0.972222222 ]
 - [ 0.500000000 , 0.850000000 , 0.027777778 ]
 - [ 0.500000000 , 0.850000000 , 0.083333333 ]
 - [ 0.500000000 , 0.850000000 , 0.138888889 ]
 - [ 0.500000000 , 0.850000000 , 0.194444444 ]
 - [ 0.500000000 , 0.850000000 , 0.250000000 ]
 - [ 0.500000000 , 0.850000000 , 0.305555556 ]
 - [ 0.500000000 , 0.850000000 , 0.361111111 ]
 - [ 0.500000000 , 0.850000000 , 0.416666667 ]
 - [ 0.500000000 , 0.850000000 , 0.472222222 ]
 - [ 0.500000000 , 0.850000000 , 0.527777778 ]
 - [ 0.500000000 , 0.850000000 , 0.583333333 ]
 - [ 0.500000000 , 0.850000000 , 0.638888889 ]
 - [ 0.500000000 , 0.850000000 , 0.694444444 ]
 - [ 0.500000000 , 0.850000000 , 0.750000000 ]
 - [ 0.500000000 , 0.850000000 , 0.805555556 ]
 - [ 0.500000000 , 0.850000000 , 0.861111111 ]
 - [ 0.500000000 , 0.850000000 , 0.916666667 ]
 - [ 0.500000000 , 0.850000000 , 0.972222222 ]
 - [ 0.500000000 , 0.950000000 , 0.027777778 ]
 - [ 0.500000000 , 0.950000000 , 0.083333333 ]
 - [ 0.500000000 , 0.950000000 , 0.138888889 ]
 - [ 0.500000000 , 0.950000000 , 0.194444444 ]
 - [ 0.500000000 , 0.950000000 , 0.250000000 ]
 - [ 0.500000000 , 0.950000000 , 0.305555556 ]
 - [ 0.500000000 , 0.950000000 , 0.361111111 ]
 - [ 0.500000000 , 0.950000000 , 0.416666667 ]
 - [ 0.500000000 , 0.950000000 , 0.472222222 ]
 - [ 0.500000000 , 0.950000000 , 0.527777778 ]
 - [ 0.500000000 , 0.950000000 , 0.583333333 ]
 - [ 0.500000000 , 0.950000000 , 0.638888889 ]
 - [ 0.500000000 , 0.950000000 , 0.694444444 ]
 - [ 0.500000000 , 0.950000000 , 0.750000000 ]
 - [ 0.500000000 , 0.950000000 , 0.805555556 ]
 - [ 0.500000000 , 0.950000000 , 0.861111111 ]
 - [ 0.500000000 , 0.950000000 , 0.916666667 ]
 - [ 0.500000000 , 0.950000000 , 0.972222222 ]
 - [ 0.500000000 , 0.016666667 , 0.027777778 ]
 - [ 0.500000000 , 0.016666667 , 0.083333333 ]
 - [ 0.500000000 , 0.016666667 , 0.138888889 ]
 - [ 0.500000000 , 0.016666667 , 0.194444444 ]
 - [ 0.500000000 , 0.016666667 , 0.250000000 ]
 - [ 0.500000000 , 0.016666667 , 0.305555556 ]
 - [ 0.500000000 , 0.016666667 , 0.361111111 ]
 - [ 0.500000000 , 0.016666667 , 0.416666667 ]
 - [ 0.500000000 , 0.016666667 , 0.472222222 ]
 - [ 0.500000000 , 0.016666667 , 0.527777778 ]
 - [ 0.500000000 , 0.016666667 , 0.583333333 ]
 - [ 0.500000000 , 0.016666667 , 0.638888889 ]
 - [ 0.500000000 , 0.016666667 , 0.694444444 ]
 - [ 0.500000000 , 0.016666667 , 0.750000000 ]
 - [ 0.500000000 , 0.016666667 , 0.805555556 ]
 - [ 0.500000000 , 0.016666667 , 0.861111111 ]
 - [ 0.500000000 , 0.016666667 , 0.916666667 ]
 - [ 0.500000000 , 0.016666667 , 0.972222222 ]
 - [ 0.500000000 , 0.116666667 , 0.027777778 ]
 - [ 0.500000000 , 0.116666667 , 0.083333333 ]
 - [ 0.500000000 , 0.116666667 , 0.138888889 ]
 - [ 0.500000000 , 0.116666667 , 0.194444444 ]
 - [ 0.500000000 , 0.116666667 , 0.250000000 ]
 - [ 0.500000000 , 0.116666667 , 0.305555556 ]
 - [ 0.500000000 , 0.116666667 , 0.361111111 ]
 - [ 0.500000000 , 0.116666667 , 0.416666667 ]
 - [ 0.500000000 , 0.116666667 , 0.472222222 ]
 - [ 0.500000000 , 0.116666667 , 0.527777778 ]
 - [ 0.500000000 , 0.116666667 , 0.583333333 ]
 - [ 0.500000000 , 0.116666667 , 0.638888889 ]
 - [ 0.500000000 , 0.116666667 , 0.694444444 ]
 - [ 0.500000000 , 0.116666667 , 0.750000000 ]
 - [ 0.500000000 , 0.116666667 , 0.805555556 ]
 - [ 0.500000000 , 0.116666667 , 0.861111111 ]
 - [ 0.500000000 , 0.116666667 , 0.916666667 ]
 - [ 0.500000000 , 0.116666667 , 0.972222222 ]
 - [ 0.500000000 , 0.216666667 , 0.027777778 ]
 - [ 0.500000000 , 0.216666667 , 0.083333333 ]
 - [ 0.500000000 , 0.216666667 , 0.138888889 ]
 - [ 0.500000000 , 0.216666667 , 0.194444444 ]
 - [ 0.500000000 , 0.216666667 , 0.250000000 ]
 - [ 0.500000000 , 0.216666667 , 0.305555556 ]
 - [ 0.500000000 , 0.216666667 , 0.361111111 ]
 - [ 0.500000000 , 0.216666667 , 0.416666667 ]
 - [ 0.500000000 , 0.216666667 , 0.472222222 ]
 - [ 0.500000000 , 0.216666667 , 0.527777778 ]
 - [ 0.500000000 , 0.216666667 , 0.583333333 ]
 - [ 0.500000000 , 0.216666667 , 0.638888889 ]
 - [ 0.500000000 , 0.216666667 , 0.694444444 ]
 - [ 0.500000000 , 0.216666667 , 0.750000000 ]
 - [ 0.500000000 , 0.216666667 , 0.805555556 ]
 - [ 0.500000000 , 0.216666667 , 0.861111111 ]
 - [ 0.500000000 , 0.216666667 , 0.916666667 ]
 - [ 0.500000000 , 0.216666667 , 0.972222222 ]
 - [ 0.500000000 , 0.316666667 , 0.027777778 ]
 - [ 0.500000000 , 0.316666667 , 0.083333333 ]
 - [ 0.500000000 , 0.316666667 , 0.138888889 ]
 - [ 0.500000000 , 0.316666667 , 0.194444444 ]
 - [ 0.500000000 , 0.316666667 , 0.250000000 ]
 - [ 0.500000000 , 0.316666667 , 0.305555556 ]
 - [ 0.500000000 , 0.316666667 , 0.361111111 ]
 - [ 0.500000000 , 0.316666667 , 0.416666667 ]
 - [ 0.500000000 , 0.316666667 , 0.472222222 ]
 - [ 0.500000000 , 0.316666667 , 0.527777778 ]
 - [ 0.500000000 , 0.316666667 , 0.583333333 ]
 - [ 0.500000000 , 0.316666667 , 0.638888889 ]
 - [ 0.500000000 , 0.316666667 , 0.694444444 ]
 - [ 0.500000000 , 0.316666667 , 0.750000000 ]
 - [ 0.500000000 , 0.316666667 , 0.805555556 ]
 - [ 0.500000000 , 0.316666667 , 0.861111111 ]
 - [ 0.500000000 , 0.316666667 , 0.916666667 ]
 - [ 0.500000000 , 0.316666667 , 0.972222222 ]
 - [ 0.500000000 , 0.416666667 , 0.027777778 ]
 - [ 0.500000000 , 0.416666667 , 0.083333333 ]
 - [ 0.500000000 , 0.416666667 , 0.138888889 ]
 - [ 0.500000000 , 0.416666667 , 0.194444444 ]
 - [ 0.500000000 , 0.416666667 , 0.250000000 ]
 - [ 0.500000000 , 0.416666667 , 0.305555556 ]
 - [ 0.500000000 , 0.416666667 , 0.361111111 ]
 - [ 0.500000000 , 0.416666667 , 0.416666667 ]
 - [ 0.500000000 , 0.416666667 , 0.472222222 ]
 - [ 0.500000000 , 0.416666667 , 0.527777778 ]
 - [ 0.500000000 , 0.416666667 , 0.583333333 ]
 - [ 0.500000000 , 0.416666667 , 0.638888889 ]
 - [ 0.500000000 , 0.416666667 , 0.694444444 ]
 - [ 0.500000000 , 0.416666667 , 0.750000000 ]
 - [ 0.500000000 , 0.416666667 , 0.805555556 ]
 - [ 0.500000000 , 0.416666667 , 0.861111111 ]
 - [ 0.500000000 , 0.416666667 , 0.916666667 ]
 - [ 0.500000000 , 0.416666667 , 0.972222222 ]
 - [ 0.500000000 , 0.516666667 , 0.027777778 ]
 - [ 0.500000000 , 0.516666667 , 0.083333333 ]
 - [ 0.500000000 , 0.516666667 , 0.138888889 ]
 - [ 0.500000000 , 0.516666667 , 0.194444444 ]
 - [ 0.500000000 , 0.516666667 , 0.250000000 ]
 - [ 0.500000000 , 0.516666667 , 0.305555556 ]
 - [ 0.500000000 , 0.516666667 , 0.361111111 ]
 - [ 0.500000000 , 0.516666667 , 0.416666667 ]
 - [ 0.500000000 , 0.516666667 , 0.472222222 ]
 - [ 0.500000000 , 0.516666667 , 0.527777778 ]
 - [ 0.500000000 , 0.516666667 , 0.583333333 ]
 - [ 0.500000000 , 0.516666667 , 0.638888889 ]
 - [ 0.500000000 , 0.516666667 , 0.694444444 ]
 - [ 0.500000000 , 0.516666667 , 0.750000000 ]
 - [ 0.500000000 , 0.516666667 , 0.805555556 ]
 - [ 0.500000000 , 0.516666667 , 0.861111111 ]
 - [ 0.500000000 , 0.516666667 , 0.916666667 ]
 - [ 0.500000000 , 0.516666667 , 0.972222222 ]
 - [ 0.500000000 , 0.616666667 , 0.027777778 ]
 - [ 0.500000000 , 0.616666667 , 0.083333333 ]
 - [ 0.500000000 , 0.616666667 , 0.138888889 ]
 - [ 0.500000000 , 0.616666667 , 0.194444444 ]
 - [ 0.500000000 , 0.616666667 , 0.250000000 ]
 - [ 0.500000000 , 0.616666667 , 0.305555556 ]
 - [ 0.500000000 , 0.616666667 , 0.361111111 ]
 - [ 0.500000000 , 0.616666667 , 0.416666667 ]
 - [ 0.500000000 , 0.616666667 , 0.472222222 ]
 - [ 0.500000000 , 0.616666667 , 0.527777778 ]
 - [ 0.500000000 , 0.616666667 , 0.583333333 ]
 - [ 0.500000000 , 0.616666667 , 0.638888889 ]
 - [ 0.500000000 , 0.616666667 , 0.694444444 ]
 - [ 0.500000000 , 0.616666667 , 0.750000000 ]
 - [ 0.500000000 , 0.616666667 , 0.805555556 ]
 - [ 0.500000000 , 0.616666667 , 0.861111111 ]
 - [ 0.500000000 , 0.616666667 , 0.916666667 ]
 - [ 0.500000000 , 0.616666667 , 0.972222222 ]
 - [ 0.500000000 , 0.716666667 , 0.027777778 ]
 - [ 0.500000000 , 0.716666667 , 0.083333333 ]
 - [ 0.500000000 , 0.716666667 , 0.138888889 ]
 - [ 0.500000000 , 0.716666667 , 0.194444444 ]
 - [ 0.500000000 , 0.716666667 , 0.250000000 ]
 - [ 0.500000000 , 0.716666667 , 0.305555556 ]
 - [ 0.500000000 , 0.716666667 , 0.361111111 ]
 - [ 0.500000000 , 0.716666667 , 0.416666667 ]
 - [ 0.500000000 , 0.716666667 , 0.472222222 ]
 - [ 0.500000000 , 0.716666667 , 0.527777778 ]
 - [ 0.500000000 , 0.716666667 , 0.583333333 ]
 - [ 0.500000000 , 0.716666667 , 0.638888889 ]
 - [ 0.500000000 , 0.716666667 , 0.694444444 ]
 - [ 0.500000000 , 0.716666667 , 0.750000000 ]
 - [ 0.500000000 , 0.716666667 , 0.805555556 ]
 - [ 0.500000000 , 0.716666667 , 0.861111111 ]
 - [ 0.500000000 , 0.716666667 , 0.916666667 ]
 - [ 0.500000000 , 0.716666667 , 0.972222222 ]
 - [ 0.500000000 , 0.816666667 , 0.027777778 ]
 - [ 0.500000000 , 0.816666667 , 0.083333333 ]
 - [ 0.500000000 , 0.816666667 , 0.138888889 ]
 - [ 0.500000000 , 0.816666667 , 0.194444444 ]
 - [ 0.500000000 , 0.816666667 , 0.250000000 ]
 - [ 0.500000000 , 0.816666667 , 0.305555556 ]
 - [ 0.500000000 , 0.816666667 , 0.361111111 ]
 - [ 0.500000000 , 0.816666667 , 0.416666667 ]
 - [ 0.500000000 , 0.816666667 , 0.472222222 ]
 - [ 0.500000000 , 0.816666667 , 0.527777778 ]
 - [ 0.500000000 , 0.816666667 , 0.583333333 ]
 - [ 0.500000000 , 0.816666667 , 0.638888889 ]
 - [ 0.500000000 , 0.816666667 , 0.694444444 ]
 - [ 0.500000000 , 0.816666667 , 0.750000000 ]
 - [ 0.500000000 , 0.816666667 , 0.805555556 ]
 - [ 0.500000000 , 0.816666667 , 0.861111111 ]
 - [ 0.500000000 , 0.816666667 , 0.916666667 ]
 - [ 0.500000000 , 0.816666667 , 0.972222222 ]
 - [ 0.500000000 , 0.916666667 , 0.027777778 ]
 - [ 0.500000000 , 0.916666667 , 0.083333333 ]
 - [ 0.500000000 , 0.916666667 , 0.138888889 ]
 - [ 0.500000000 , 0.916666667 , 0.194444444 ]
 - [ 0.500000000 , 0.916666667 , 0.250000000 ]
 - [ 0.500000000 , 0.916666667 , 0.305555556 ]
 - [ 0.500000000 , 0.916666667 , 0.361111111 ]
 - [ 0.500000000 , 0.916666667 , 0.416666667 ]
 - [ 0.500000000 , 0.916666667 , 0.472222222 ]
 - [ 0.500000000 , 0.916666667 , 0.527777778 ]
 - [ 0.500000000 , 0.916666667 , 0.583333333 ]
 - [ 0.500000000 , 0.916666667 , 0.638888889 ]
 - [ 0.500000000 , 0.916666667 , 0.694444444 ]
 - [ 0.500000000 , 0.916666667 , 0.750000000 ]
 - [ 0.500000000 , 0.916666667 , 0.805555556 ]
 - [ 0.500000000 , 0.916666667 , 0.861111111 ]
 - [ 0.500000000 , 0.916666667 , 0.916666667 ]
 - [ 0.500000000 , 0.916666667 , 0.972222222 ]
