Atom_Num: [     1620  ]
Super_Cell: [ 15.117809626 , 120.777456291 , 125.515614423 ]

Atom_Red:
 - [ 0.500000000 , 0.000000000 , 0.000000000 ]
 - [ 0.500000000 , 0.000000000 , 0.037037037 ]
 - [ 0.500000000 , 0.000000000 , 0.074074074 ]
 - [ 0.500000000 , 0.000000000 , 0.111111111 ]
 - [ 0.500000000 , 0.000000000 , 0.148148148 ]
 - [ 0.500000000 , 0.000000000 , 0.185185185 ]
 - [ 0.500000000 , 0.000000000 , 0.222222222 ]
 - [ 0.500000000 , 0.000000000 , 0.259259259 ]
 - [ 0.500000000 , 0.000000000 , 0.296296296 ]
 - [ 0.500000000 , 0.000000000 , 0.333333333 ]
 - [ 0.500000000 , 0.000000000 , 0.370370370 ]
 - [ 0.500000000 , 0.000000000 , 0.407407407 ]
 - [ 0.500000000 , 0.000000000 , 0.444444444 ]
 - [ 0.500000000 , 0.000000000 , 0.481481481 ]
 - [ 0.500000000 , 0.000000000 , 0.518518519 ]
 - [ 0.500000000 , 0.000000000 , 0.555555556 ]
 - [ 0.500000000 , 0.000000000 , 0.592592593 ]
 - [ 0.500000000 , 0.000000000 , 0.629629630 ]
 - [ 0.500000000 , 0.000000000 , 0.666666667 ]
 - [ 0.500000000 , 0.000000000 , 0.703703704 ]
 - [ 0.500000000 , 0.000000000 , 0.740740741 ]
 - [ 0.500000000 , 0.000000000 , 0.777777778 ]
 - [ 0.500000000 , 0.000000000 , 0.814814815 ]
 - [ 0.500000000 , 0.000000000 , 0.851851852 ]
 - [ 0.500000000 , 0.000000000 , 0.888888889 ]
 - [ 0.500000000 , 0.000000000 , 0.925925926 ]
 - [ 0.500000000 , 0.000000000 , 0.962962963 ]
 - [ 0.500000000 , 0.066666667 , 0.000000000 ]
 - [ 0.500000000 , 0.066666667 , 0.037037037 ]
 - [ 0.500000000 , 0.066666667 , 0.074074074 ]
 - [ 0.500000000 , 0.066666667 , 0.111111111 ]
 - [ 0.500000000 , 0.066666667 , 0.148148148 ]
 - [ 0.500000000 , 0.066666667 , 0.185185185 ]
 - [ 0.500000000 , 0.066666667 , 0.222222222 ]
 - [ 0.500000000 , 0.066666667 , 0.259259259 ]
 - [ 0.500000000 , 0.066666667 , 0.296296296 ]
 - [ 0.500000000 , 0.066666667 , 0.333333333 ]
 - [ 0.500000000 , 0.066666667 , 0.370370370 ]
 - [ 0.500000000 , 0.066666667 , 0.407407407 ]
 - [ 0.500000000 , 0.066666667 , 0.444444444 ]
 - [ 0.500000000 , 0.066666667 , 0.481481481 ]
 - [ 0.500000000 , 0.066666667 , 0.518518519 ]
 - [ 0.500000000 , 0.066666667 , 0.555555556 ]
 - [ 0.500000000 , 0.066666667 , 0.592592593 ]
 - [ 0.500000000 , 0.066666667 , 0.629629630 ]
 - [ 0.500000000 , 0.066666667 , 0.666666667 ]
 - [ 0.500000000 , 0.066666667 , 0.703703704 ]
 - [ 0.500000000 , 0.066666667 , 0.740740741 ]
 - [ 0.500000000 , 0.066666667 , 0.777777778 ]
 - [ 0.500000000 , 0.066666667 , 0.814814815 ]
 - [ 0.500000000 , 0.066666667 , 0.851851852 ]
 - [ 0.500000000 , 0.066666667 , 0.888888889 ]
 - [ 0.500000000 , 0.066666667 , 0.925925926 ]
 - [ 0.500000000 , 0.066666667 , 0.962962963 ]
 - [ 0.500000000 , 0.133333333 , 0.000000000 ]
 - [ 0.500000000 , 0.133333333 , 0.037037037 ]
 - [ 0.500000000 , 0.133333333 , 0.074074074 ]
 - [ 0.500000000 , 0.133333333 , 0.111111111 ]
 - [ 0.500000000 , 0.133333333 , 0.148148148 ]
 - [ 0.500000000 , 0.133333333 , 0.185185185 ]
 - [ 0.500000000 , 0.133333333 , 0.222222222 ]
 - [ 0.500000000 , 0.133333333 , 0.259259259 ]
 - [ 0.500000000 , 0.133333333 , 0.296296296 ]
 - [ 0.500000000 , 0.133333333 , 0.333333333 ]
 - [ 0.500000000 , 0.133333333 , 0.370370370 ]
 - [ 0.500000000 , 0.133333333 , 0.407407407 ]
 - [ 0.500000000 , 0.133333333 , 0.444444444 ]
 - [ 0.500000000 , 0.133333333 , 0.481481481 ]
 - [ 0.500000000 , 0.133333333 , 0.518518519 ]
 - [ 0.500000000 , 0.133333333 , 0.555555556 ]
 - [ 0.500000000 , 0.133333333 , 0.592592593 ]
 - [ 0.500000000 , 0.133333333 , 0.629629630 ]
 - [ 0.500000000 , 0.133333333 , 0.666666667 ]
 - [ 0.500000000 , 0.133333333 , 0.703703704 ]
 - [ 0.500000000 , 0.133333333 , 0.740740741 ]
 - [ 0.500000000 , 0.133333333 , 0.777777778 ]
 - [ 0.500000000 , 0.133333333 , 0.814814815 ]
 - [ 0.500000000 , 0.133333333 , 0.851851852 ]
 - [ 0.500000000 , 0.133333333 , 0.888888889 ]
 - [ 0.500000000 , 0.133333333 , 0.925925926 ]
 - [ 0.500000000 , 0.133333333 , 0.962962963 ]
 - [ 0.500000000 , 0.200000000 , 0.000000000 ]
 - [ 0.500000000 , 0.200000000 , 0.037037037 ]
 - [ 0.500000000 , 0.200000000 , 0.074074074 ]
 - [ 0.500000000 , 0.200000000 , 0.111111111 ]
 - [ 0.500000000 , 0.200000000 , 0.148148148 ]
 - [ 0.500000000 , 0.200000000 , 0.185185185 ]
 - [ 0.500000000 , 0.200000000 , 0.222222222 ]
 - [ 0.500000000 , 0.200000000 , 0.259259259 ]
 - [ 0.500000000 , 0.200000000 , 0.296296296 ]
 - [ 0.500000000 , 0.200000000 , 0.333333333 ]
 - [ 0.500000000 , 0.200000000 , 0.370370370 ]
 - [ 0.500000000 , 0.200000000 , 0.407407407 ]
 - [ 0.500000000 , 0.200000000 , 0.444444444 ]
 - [ 0.500000000 , 0.200000000 , 0.481481481 ]
 - [ 0.500000000 , 0.200000000 , 0.518518519 ]
 - [ 0.500000000 , 0.200000000 , 0.555555556 ]
 - [ 0.500000000 , 0.200000000 , 0.592592593 ]
 - [ 0.500000000 , 0.200000000 , 0.629629630 ]
 - [ 0.500000000 , 0.200000000 , 0.666666667 ]
 - [ 0.500000000 , 0.200000000 , 0.703703704 ]
 - [ 0.500000000 , 0.200000000 , 0.740740741 ]
 - [ 0.500000000 , 0.200000000 , 0.777777778 ]
 - [ 0.500000000 , 0.200000000 , 0.814814815 ]
 - [ 0.500000000 , 0.200000000 , 0.851851852 ]
 - [ 0.500000000 , 0.200000000 , 0.888888889 ]
 - [ 0.500000000 , 0.200000000 , 0.925925926 ]
 - [ 0.500000000 , 0.200000000 , 0.962962963 ]
 - [ 0.500000000 , 0.266666667 , 0.000000000 ]
 - [ 0.500000000 , 0.266666667 , 0.037037037 ]
 - [ 0.500000000 , 0.266666667 , 0.074074074 ]
 - [ 0.500000000 , 0.266666667 , 0.111111111 ]
 - [ 0.500000000 , 0.266666667 , 0.148148148 ]
 - [ 0.500000000 , 0.266666667 , 0.185185185 ]
 - [ 0.500000000 , 0.266666667 , 0.222222222 ]
 - [ 0.500000000 , 0.266666667 , 0.259259259 ]
 - [ 0.500000000 , 0.266666667 , 0.296296296 ]
 - [ 0.500000000 , 0.266666667 , 0.333333333 ]
 - [ 0.500000000 , 0.266666667 , 0.370370370 ]
 - [ 0.500000000 , 0.266666667 , 0.407407407 ]
 - [ 0.500000000 , 0.266666667 , 0.444444444 ]
 - [ 0.500000000 , 0.266666667 , 0.481481481 ]
 - [ 0.500000000 , 0.266666667 , 0.518518519 ]
 - [ 0.500000000 , 0.266666667 , 0.555555556 ]
 - [ 0.500000000 , 0.266666667 , 0.592592593 ]
 - [ 0.500000000 , 0.266666667 , 0.629629630 ]
 - [ 0.500000000 , 0.266666667 , 0.666666667 ]
 - [ 0.500000000 , 0.266666667 , 0.703703704 ]
 - [ 0.500000000 , 0.266666667 , 0.740740741 ]
 - [ 0.500000000 , 0.266666667 , 0.777777778 ]
 - [ 0.500000000 , 0.266666667 , 0.814814815 ]
 - [ 0.500000000 , 0.266666667 , 0.851851852 ]
 - [ 0.500000000 , 0.266666667 , 0.888888889 ]
 - [ 0.500000000 , 0.266666667 , 0.925925926 ]
 - [ 0.500000000 , 0.266666667 , 0.962962963 ]
 - [ 0.500000000 , 0.333333333 , 0.000000000 ]
 - [ 0.500000000 , 0.333333333 , 0.037037037 ]
 - [ 0.500000000 , 0.333333333 , 0.074074074 ]
 - [ 0.500000000 , 0.333333333 , 0.111111111 ]
 - [ 0.500000000 , 0.333333333 , 0.148148148 ]
 - [ 0.500000000 , 0.333333333 , 0.185185185 ]
 - [ 0.500000000 , 0.333333333 , 0.222222222 ]
 - [ 0.500000000 , 0.333333333 , 0.259259259 ]
 - [ 0.500000000 , 0.333333333 , 0.296296296 ]
 - [ 0.500000000 , 0.333333333 , 0.333333333 ]
 - [ 0.500000000 , 0.333333333 , 0.370370370 ]
 - [ 0.500000000 , 0.333333333 , 0.407407407 ]
 - [ 0.500000000 , 0.333333333 , 0.444444444 ]
 - [ 0.500000000 , 0.333333333 , 0.481481481 ]
 - [ 0.500000000 , 0.333333333 , 0.518518519 ]
 - [ 0.500000000 , 0.333333333 , 0.555555556 ]
 - [ 0.500000000 , 0.333333333 , 0.592592593 ]
 - [ 0.500000000 , 0.333333333 , 0.629629630 ]
 - [ 0.500000000 , 0.333333333 , 0.666666667 ]
 - [ 0.500000000 , 0.333333333 , 0.703703704 ]
 - [ 0.500000000 , 0.333333333 , 0.740740741 ]
 - [ 0.500000000 , 0.333333333 , 0.777777778 ]
 - [ 0.500000000 , 0.333333333 , 0.814814815 ]
 - [ 0.500000000 , 0.333333333 , 0.851851852 ]
 - [ 0.500000000 , 0.333333333 , 0.888888889 ]
 - [ 0.500000000 , 0.333333333 , 0.925925926 ]
 - [ 0.500000000 , 0.333333333 , 0.962962963 ]
 - [ 0.500000000 , 0.400000000 , 0.000000000 ]
 - [ 0.500000000 , 0.400000000 , 0.037037037 ]
 - [ 0.500000000 , 0.400000000 , 0.074074074 ]
 - [ 0.500000000 , 0.400000000 , 0.111111111 ]
 - [ 0.500000000 , 0.400000000 , 0.148148148 ]
 - [ 0.500000000 , 0.400000000 , 0.185185185 ]
 - [ 0.500000000 , 0.400000000 , 0.222222222 ]
 - [ 0.500000000 , 0.400000000 , 0.259259259 ]
 - [ 0.500000000 , 0.400000000 , 0.296296296 ]
 - [ 0.500000000 , 0.400000000 , 0.333333333 ]
 - [ 0.500000000 , 0.400000000 , 0.370370370 ]
 - [ 0.500000000 , 0.400000000 , 0.407407407 ]
 - [ 0.500000000 , 0.400000000 , 0.444444444 ]
 - [ 0.500000000 , 0.400000000 , 0.481481481 ]
 - [ 0.500000000 , 0.400000000 , 0.518518519 ]
 - [ 0.500000000 , 0.400000000 , 0.555555556 ]
 - [ 0.500000000 , 0.400000000 , 0.592592593 ]
 - [ 0.500000000 , 0.400000000 , 0.629629630 ]
 - [ 0.500000000 , 0.400000000 , 0.666666667 ]
 - [ 0.500000000 , 0.400000000 , 0.703703704 ]
 - [ 0.500000000 , 0.400000000 , 0.740740741 ]
 - [ 0.500000000 , 0.400000000 , 0.777777778 ]
 - [ 0.500000000 , 0.400000000 , 0.814814815 ]
 - [ 0.500000000 , 0.400000000 , 0.851851852 ]
 - [ 0.500000000 , 0.400000000 , 0.888888889 ]
 - [ 0.500000000 , 0.400000000 , 0.925925926 ]
 - [ 0.500000000 , 0.400000000 , 0.962962963 ]
 - [ 0.500000000 , 0.466666667 , 0.000000000 ]
 - [ 0.500000000 , 0.466666667 , 0.037037037 ]
 - [ 0.500000000 , 0.466666667 , 0.074074074 ]
 - [ 0.500000000 , 0.466666667 , 0.111111111 ]
 - [ 0.500000000 , 0.466666667 , 0.148148148 ]
 - [ 0.500000000 , 0.466666667 , 0.185185185 ]
 - [ 0.500000000 , 0.466666667 , 0.222222222 ]
 - [ 0.500000000 , 0.466666667 , 0.259259259 ]
 - [ 0.500000000 , 0.466666667 , 0.296296296 ]
 - [ 0.500000000 , 0.466666667 , 0.333333333 ]
 - [ 0.500000000 , 0.466666667 , 0.370370370 ]
 - [ 0.500000000 , 0.466666667 , 0.407407407 ]
 - [ 0.500000000 , 0.466666667 , 0.444444444 ]
 - [ 0.500000000 , 0.466666667 , 0.481481481 ]
 - [ 0.500000000 , 0.466666667 , 0.518518519 ]
 - [ 0.500000000 , 0.466666667 , 0.555555556 ]
 - [ 0.500000000 , 0.466666667 , 0.592592593 ]
 - [ 0.500000000 , 0.466666667 , 0.629629630 ]
 - [ 0.500000000 , 0.466666667 , 0.666666667 ]
 - [ 0.500000000 , 0.466666667 , 0.703703704 ]
 - [ 0.500000000 , 0.466666667 , 0.740740741 ]
 - [ 0.500000000 , 0.466666667 , 0.777777778 ]
 - [ 0.500000000 , 0.466666667 , 0.814814815 ]
 - [ 0.500000000 , 0.466666667 , 0.851851852 ]
 - [ 0.500000000 , 0.466666667 , 0.888888889 ]
 - [ 0.500000000 , 0.466666667 , 0.925925926 ]
 - [ 0.500000000 , 0.466666667 , 0.962962963 ]
 - [ 0.500000000 , 0.533333333 , 0.000000000 ]
 - [ 0.500000000 , 0.533333333 , 0.037037037 ]
 - [ 0.500000000 , 0.533333333 , 0.074074074 ]
 - [ 0.500000000 , 0.533333333 , 0.111111111 ]
 - [ 0.500000000 , 0.533333333 , 0.148148148 ]
 - [ 0.500000000 , 0.533333333 , 0.185185185 ]
 - [ 0.500000000 , 0.533333333 , 0.222222222 ]
 - [ 0.500000000 , 0.533333333 , 0.259259259 ]
 - [ 0.500000000 , 0.533333333 , 0.296296296 ]
 - [ 0.500000000 , 0.533333333 , 0.333333333 ]
 - [ 0.500000000 , 0.533333333 , 0.370370370 ]
 - [ 0.500000000 , 0.533333333 , 0.407407407 ]
 - [ 0.500000000 , 0.533333333 , 0.444444444 ]
 - [ 0.500000000 , 0.533333333 , 0.481481481 ]
 - [ 0.500000000 , 0.533333333 , 0.518518519 ]
 - [ 0.500000000 , 0.533333333 , 0.555555556 ]
 - [ 0.500000000 , 0.533333333 , 0.592592593 ]
 - [ 0.500000000 , 0.533333333 , 0.629629630 ]
 - [ 0.500000000 , 0.533333333 , 0.666666667 ]
 - [ 0.500000000 , 0.533333333 , 0.703703704 ]
 - [ 0.500000000 , 0.533333333 , 0.740740741 ]
 - [ 0.500000000 , 0.533333333 , 0.777777778 ]
 - [ 0.500000000 , 0.533333333 , 0.814814815 ]
 - [ 0.500000000 , 0.533333333 , 0.851851852 ]
 - [ 0.500000000 , 0.533333333 , 0.888888889 ]
 - [ 0.500000000 , 0.533333333 , 0.925925926 ]
 - [ 0.500000000 , 0.533333333 , 0.962962963 ]
 - [ 0.500000000 , 0.600000000 , 0.000000000 ]
 - [ 0.500000000 , 0.600000000 , 0.037037037 ]
 - [ 0.500000000 , 0.600000000 , 0.074074074 ]
 - [ 0.500000000 , 0.600000000 , 0.111111111 ]
 - [ 0.500000000 , 0.600000000 , 0.148148148 ]
 - [ 0.500000000 , 0.600000000 , 0.185185185 ]
 - [ 0.500000000 , 0.600000000 , 0.222222222 ]
 - [ 0.500000000 , 0.600000000 , 0.259259259 ]
 - [ 0.500000000 , 0.600000000 , 0.296296296 ]
 - [ 0.500000000 , 0.600000000 , 0.333333333 ]
 - [ 0.500000000 , 0.600000000 , 0.370370370 ]
 - [ 0.500000000 , 0.600000000 , 0.407407407 ]
 - [ 0.500000000 , 0.600000000 , 0.444444444 ]
 - [ 0.500000000 , 0.600000000 , 0.481481481 ]
 - [ 0.500000000 , 0.600000000 , 0.518518519 ]
 - [ 0.500000000 , 0.600000000 , 0.555555556 ]
 - [ 0.500000000 , 0.600000000 , 0.592592593 ]
 - [ 0.500000000 , 0.600000000 , 0.629629630 ]
 - [ 0.500000000 , 0.600000000 , 0.666666667 ]
 - [ 0.500000000 , 0.600000000 , 0.703703704 ]
 - [ 0.500000000 , 0.600000000 , 0.740740741 ]
 - [ 0.500000000 , 0.600000000 , 0.777777778 ]
 - [ 0.500000000 , 0.600000000 , 0.814814815 ]
 - [ 0.500000000 , 0.600000000 , 0.851851852 ]
 - [ 0.500000000 , 0.600000000 , 0.888888889 ]
 - [ 0.500000000 , 0.600000000 , 0.925925926 ]
 - [ 0.500000000 , 0.600000000 , 0.962962963 ]
 - [ 0.500000000 , 0.666666667 , 0.000000000 ]
 - [ 0.500000000 , 0.666666667 , 0.037037037 ]
 - [ 0.500000000 , 0.666666667 , 0.074074074 ]
 - [ 0.500000000 , 0.666666667 , 0.111111111 ]
 - [ 0.500000000 , 0.666666667 , 0.148148148 ]
 - [ 0.500000000 , 0.666666667 , 0.185185185 ]
 - [ 0.500000000 , 0.666666667 , 0.222222222 ]
 - [ 0.500000000 , 0.666666667 , 0.259259259 ]
 - [ 0.500000000 , 0.666666667 , 0.296296296 ]
 - [ 0.500000000 , 0.666666667 , 0.333333333 ]
 - [ 0.500000000 , 0.666666667 , 0.370370370 ]
 - [ 0.500000000 , 0.666666667 , 0.407407407 ]
 - [ 0.500000000 , 0.666666667 , 0.444444444 ]
 - [ 0.500000000 , 0.666666667 , 0.481481481 ]
 - [ 0.500000000 , 0.666666667 , 0.518518519 ]
 - [ 0.500000000 , 0.666666667 , 0.555555556 ]
 - [ 0.500000000 , 0.666666667 , 0.592592593 ]
 - [ 0.500000000 , 0.666666667 , 0.629629630 ]
 - [ 0.500000000 , 0.666666667 , 0.666666667 ]
 - [ 0.500000000 , 0.666666667 , 0.703703704 ]
 - [ 0.500000000 , 0.666666667 , 0.740740741 ]
 - [ 0.500000000 , 0.666666667 , 0.777777778 ]
 - [ 0.500000000 , 0.666666667 , 0.814814815 ]
 - [ 0.500000000 , 0.666666667 , 0.851851852 ]
 - [ 0.500000000 , 0.666666667 , 0.888888889 ]
 - [ 0.500000000 , 0.666666667 , 0.925925926 ]
 - [ 0.500000000 , 0.666666667 , 0.962962963 ]
 - [ 0.500000000 , 0.733333333 , 0.000000000 ]
 - [ 0.500000000 , 0.733333333 , 0.037037037 ]
 - [ 0.500000000 , 0.733333333 , 0.074074074 ]
 - [ 0.500000000 , 0.733333333 , 0.111111111 ]
 - [ 0.500000000 , 0.733333333 , 0.148148148 ]
 - [ 0.500000000 , 0.733333333 , 0.185185185 ]
 - [ 0.500000000 , 0.733333333 , 0.222222222 ]
 - [ 0.500000000 , 0.733333333 , 0.259259259 ]
 - [ 0.500000000 , 0.733333333 , 0.296296296 ]
 - [ 0.500000000 , 0.733333333 , 0.333333333 ]
 - [ 0.500000000 , 0.733333333 , 0.370370370 ]
 - [ 0.500000000 , 0.733333333 , 0.407407407 ]
 - [ 0.500000000 , 0.733333333 , 0.444444444 ]
 - [ 0.500000000 , 0.733333333 , 0.481481481 ]
 - [ 0.500000000 , 0.733333333 , 0.518518519 ]
 - [ 0.500000000 , 0.733333333 , 0.555555556 ]
 - [ 0.500000000 , 0.733333333 , 0.592592593 ]
 - [ 0.500000000 , 0.733333333 , 0.629629630 ]
 - [ 0.500000000 , 0.733333333 , 0.666666667 ]
 - [ 0.500000000 , 0.733333333 , 0.703703704 ]
 - [ 0.500000000 , 0.733333333 , 0.740740741 ]
 - [ 0.500000000 , 0.733333333 , 0.777777778 ]
 - [ 0.500000000 , 0.733333333 , 0.814814815 ]
 - [ 0.500000000 , 0.733333333 , 0.851851852 ]
 - [ 0.500000000 , 0.733333333 , 0.888888889 ]
 - [ 0.500000000 , 0.733333333 , 0.925925926 ]
 - [ 0.500000000 , 0.733333333 , 0.962962963 ]
 - [ 0.500000000 , 0.800000000 , 0.000000000 ]
 - [ 0.500000000 , 0.800000000 , 0.037037037 ]
 - [ 0.500000000 , 0.800000000 , 0.074074074 ]
 - [ 0.500000000 , 0.800000000 , 0.111111111 ]
 - [ 0.500000000 , 0.800000000 , 0.148148148 ]
 - [ 0.500000000 , 0.800000000 , 0.185185185 ]
 - [ 0.500000000 , 0.800000000 , 0.222222222 ]
 - [ 0.500000000 , 0.800000000 , 0.259259259 ]
 - [ 0.500000000 , 0.800000000 , 0.296296296 ]
 - [ 0.500000000 , 0.800000000 , 0.333333333 ]
 - [ 0.500000000 , 0.800000000 , 0.370370370 ]
 - [ 0.500000000 , 0.800000000 , 0.407407407 ]
 - [ 0.500000000 , 0.800000000 , 0.444444444 ]
 - [ 0.500000000 , 0.800000000 , 0.481481481 ]
 - [ 0.500000000 , 0.800000000 , 0.518518519 ]
 - [ 0.500000000 , 0.800000000 , 0.555555556 ]
 - [ 0.500000000 , 0.800000000 , 0.592592593 ]
 - [ 0.500000000 , 0.800000000 , 0.629629630 ]
 - [ 0.500000000 , 0.800000000 , 0.666666667 ]
 - [ 0.500000000 , 0.800000000 , 0.703703704 ]
 - [ 0.500000000 , 0.800000000 , 0.740740741 ]
 - [ 0.500000000 , 0.800000000 , 0.777777778 ]
 - [ 0.500000000 , 0.800000000 , 0.814814815 ]
 - [ 0.500000000 , 0.800000000 , 0.851851852 ]
 - [ 0.500000000 , 0.800000000 , 0.888888889 ]
 - [ 0.500000000 , 0.800000000 , 0.925925926 ]
 - [ 0.500000000 , 0.800000000 , 0.962962963 ]
 - [ 0.500000000 , 0.866666667 , 0.000000000 ]
 - [ 0.500000000 , 0.866666667 , 0.037037037 ]
 - [ 0.500000000 , 0.866666667 , 0.074074074 ]
 - [ 0.500000000 , 0.866666667 , 0.111111111 ]
 - [ 0.500000000 , 0.866666667 , 0.148148148 ]
 - [ 0.500000000 , 0.866666667 , 0.185185185 ]
 - [ 0.500000000 , 0.866666667 , 0.222222222 ]
 - [ 0.500000000 , 0.866666667 , 0.259259259 ]
 - [ 0.500000000 , 0.866666667 , 0.296296296 ]
 - [ 0.500000000 , 0.866666667 , 0.333333333 ]
 - [ 0.500000000 , 0.866666667 , 0.370370370 ]
 - [ 0.500000000 , 0.866666667 , 0.407407407 ]
 - [ 0.500000000 , 0.866666667 , 0.444444444 ]
 - [ 0.500000000 , 0.866666667 , 0.481481481 ]
 - [ 0.500000000 , 0.866666667 , 0.518518519 ]
 - [ 0.500000000 , 0.866666667 , 0.555555556 ]
 - [ 0.500000000 , 0.866666667 , 0.592592593 ]
 - [ 0.500000000 , 0.866666667 , 0.629629630 ]
 - [ 0.500000000 , 0.866666667 , 0.666666667 ]
 - [ 0.500000000 , 0.866666667 , 0.703703704 ]
 - [ 0.500000000 , 0.866666667 , 0.740740741 ]
 - [ 0.500000000 , 0.866666667 , 0.777777778 ]
 - [ 0.500000000 , 0.866666667 , 0.814814815 ]
 - [ 0.500000000 , 0.866666667 , 0.851851852 ]
 - [ 0.500000000 , 0.866666667 , 0.888888889 ]
 - [ 0.500000000 , 0.866666667 , 0.925925926 ]
 - [ 0.500000000 , 0.866666667 , 0.962962963 ]
 - [ 0.500000000 , 0.933333333 , 0.000000000 ]
 - [ 0.500000000 , 0.933333333 , 0.037037037 ]
 - [ 0.500000000 , 0.933333333 , 0.074074074 ]
 - [ 0.500000000 , 0.933333333 , 0.111111111 ]
 - [ 0.500000000 , 0.933333333 , 0.148148148 ]
 - [ 0.500000000 , 0.933333333 , 0.185185185 ]
 - [ 0.500000000 , 0.933333333 , 0.222222222 ]
 - [ 0.500000000 , 0.933333333 , 0.259259259 ]
 - [ 0.500000000 , 0.933333333 , 0.296296296 ]
 - [ 0.500000000 , 0.933333333 , 0.333333333 ]
 - [ 0.500000000 , 0.933333333 , 0.370370370 ]
 - [ 0.500000000 , 0.933333333 , 0.407407407 ]
 - [ 0.500000000 , 0.933333333 , 0.444444444 ]
 - [ 0.500000000 , 0.933333333 , 0.481481481 ]
 - [ 0.500000000 , 0.933333333 , 0.518518519 ]
 - [ 0.500000000 , 0.933333333 , 0.555555556 ]
 - [ 0.500000000 , 0.933333333 , 0.592592593 ]
 - [ 0.500000000 , 0.933333333 , 0.629629630 ]
 - [ 0.500000000 , 0.933333333 , 0.666666667 ]
 - [ 0.500000000 , 0.933333333 , 0.703703704 ]
 - [ 0.500000000 , 0.933333333 , 0.740740741 ]
 - [ 0.500000000 , 0.933333333 , 0.777777778 ]
 - [ 0.500000000 , 0.933333333 , 0.814814815 ]
 - [ 0.500000000 , 0.933333333 , 0.851851852 ]
 - [ 0.500000000 , 0.933333333 , 0.888888889 ]
 - [ 0.500000000 , 0.933333333 , 0.925925926 ]
 - [ 0.500000000 , 0.933333333 , 0.962962963 ]
 - [ 0.500000000 , 0.044444444 , 0.000000000 ]
 - [ 0.500000000 , 0.044444444 , 0.037037037 ]
 - [ 0.500000000 , 0.044444444 , 0.074074074 ]
 - [ 0.500000000 , 0.044444444 , 0.111111111 ]
 - [ 0.500000000 , 0.044444444 , 0.148148148 ]
 - [ 0.500000000 , 0.044444444 , 0.185185185 ]
 - [ 0.500000000 , 0.044444444 , 0.222222222 ]
 - [ 0.500000000 , 0.044444444 , 0.259259259 ]
 - [ 0.500000000 , 0.044444444 , 0.296296296 ]
 - [ 0.500000000 , 0.044444444 , 0.333333333 ]
 - [ 0.500000000 , 0.044444444 , 0.370370370 ]
 - [ 0.500000000 , 0.044444444 , 0.407407407 ]
 - [ 0.500000000 , 0.044444444 , 0.444444444 ]
 - [ 0.500000000 , 0.044444444 , 0.481481481 ]
 - [ 0.500000000 , 0.044444444 , 0.518518519 ]
 - [ 0.500000000 , 0.044444444 , 0.555555556 ]
 - [ 0.500000000 , 0.044444444 , 0.592592593 ]
 - [ 0.500000000 , 0.044444444 , 0.629629630 ]
 - [ 0.500000000 , 0.044444444 , 0.666666667 ]
 - [ 0.500000000 , 0.044444444 , 0.703703704 ]
 - [ 0.500000000 , 0.044444444 , 0.740740741 ]
 - [ 0.500000000 , 0.044444444 , 0.777777778 ]
 - [ 0.500000000 , 0.044444444 , 0.814814815 ]
 - [ 0.500000000 , 0.044444444 , 0.851851852 ]
 - [ 0.500000000 , 0.044444444 , 0.888888889 ]
 - [ 0.500000000 , 0.044444444 , 0.925925926 ]
 - [ 0.500000000 , 0.044444444 , 0.962962963 ]
 - [ 0.500000000 , 0.111111111 , 0.000000000 ]
 - [ 0.500000000 , 0.111111111 , 0.037037037 ]
 - [ 0.500000000 , 0.111111111 , 0.074074074 ]
 - [ 0.500000000 , 0.111111111 , 0.111111111 ]
 - [ 0.500000000 , 0.111111111 , 0.148148148 ]
 - [ 0.500000000 , 0.111111111 , 0.185185185 ]
 - [ 0.500000000 , 0.111111111 , 0.222222222 ]
 - [ 0.500000000 , 0.111111111 , 0.259259259 ]
 - [ 0.500000000 , 0.111111111 , 0.296296296 ]
 - [ 0.500000000 , 0.111111111 , 0.333333333 ]
 - [ 0.500000000 , 0.111111111 , 0.370370370 ]
 - [ 0.500000000 , 0.111111111 , 0.407407407 ]
 - [ 0.500000000 , 0.111111111 , 0.444444444 ]
 - [ 0.500000000 , 0.111111111 , 0.481481481 ]
 - [ 0.500000000 , 0.111111111 , 0.518518519 ]
 - [ 0.500000000 , 0.111111111 , 0.555555556 ]
 - [ 0.500000000 , 0.111111111 , 0.592592593 ]
 - [ 0.500000000 , 0.111111111 , 0.629629630 ]
 - [ 0.500000000 , 0.111111111 , 0.666666667 ]
 - [ 0.500000000 , 0.111111111 , 0.703703704 ]
 - [ 0.500000000 , 0.111111111 , 0.740740741 ]
 - [ 0.500000000 , 0.111111111 , 0.777777778 ]
 - [ 0.500000000 , 0.111111111 , 0.814814815 ]
 - [ 0.500000000 , 0.111111111 , 0.851851852 ]
 - [ 0.500000000 , 0.111111111 , 0.888888889 ]
 - [ 0.500000000 , 0.111111111 , 0.925925926 ]
 - [ 0.500000000 , 0.111111111 , 0.962962963 ]
 - [ 0.500000000 , 0.177777778 , 0.000000000 ]
 - [ 0.500000000 , 0.177777778 , 0.037037037 ]
 - [ 0.500000000 , 0.177777778 , 0.074074074 ]
 - [ 0.500000000 , 0.177777778 , 0.111111111 ]
 - [ 0.500000000 , 0.177777778 , 0.148148148 ]
 - [ 0.500000000 , 0.177777778 , 0.185185185 ]
 - [ 0.500000000 , 0.177777778 , 0.222222222 ]
 - [ 0.500000000 , 0.177777778 , 0.259259259 ]
 - [ 0.500000000 , 0.177777778 , 0.296296296 ]
 - [ 0.500000000 , 0.177777778 , 0.333333333 ]
 - [ 0.500000000 , 0.177777778 , 0.370370370 ]
 - [ 0.500000000 , 0.177777778 , 0.407407407 ]
 - [ 0.500000000 , 0.177777778 , 0.444444444 ]
 - [ 0.500000000 , 0.177777778 , 0.481481481 ]
 - [ 0.500000000 , 0.177777778 , 0.518518519 ]
 - [ 0.500000000 , 0.177777778 , 0.555555556 ]
 - [ 0.500000000 , 0.177777778 , 0.592592593 ]
 - [ 0.500000000 , 0.177777778 , 0.629629630 ]
 - [ 0.500000000 , 0.177777778 , 0.666666667 ]
 - [ 0.500000000 , 0.177777778 , 0.703703704 ]
 - [ 0.500000000 , 0.177777778 , 0.740740741 ]
 - [ 0.500000000 , 0.177777778 , 0.777777778 ]
 - [ 0.500000000 , 0.177777778 , 0.814814815 ]
 - [ 0.500000000 , 0.177777778 , 0.851851852 ]
 - [ 0.500000000 , 0.177777778 , 0.888888889 ]
 - [ 0.500000000 , 0.177777778 , 0.925925926 ]
 - [ 0.500000000 , 0.177777778 , 0.962962963 ]
 - [ 0.500000000 , 0.244444444 , 0.000000000 ]
 - [ 0.500000000 , 0.244444444 , 0.037037037 ]
 - [ 0.500000000 , 0.244444444 , 0.074074074 ]
 - [ 0.500000000 , 0.244444444 , 0.111111111 ]
 - [ 0.500000000 , 0.244444444 , 0.148148148 ]
 - [ 0.500000000 , 0.244444444 , 0.185185185 ]
 - [ 0.500000000 , 0.244444444 , 0.222222222 ]
 - [ 0.500000000 , 0.244444444 , 0.259259259 ]
 - [ 0.500000000 , 0.244444444 , 0.296296296 ]
 - [ 0.500000000 , 0.244444444 , 0.333333333 ]
 - [ 0.500000000 , 0.244444444 , 0.370370370 ]
 - [ 0.500000000 , 0.244444444 , 0.407407407 ]
 - [ 0.500000000 , 0.244444444 , 0.444444444 ]
 - [ 0.500000000 , 0.244444444 , 0.481481481 ]
 - [ 0.500000000 , 0.244444444 , 0.518518519 ]
 - [ 0.500000000 , 0.244444444 , 0.555555556 ]
 - [ 0.500000000 , 0.244444444 , 0.592592593 ]
 - [ 0.500000000 , 0.244444444 , 0.629629630 ]
 - [ 0.500000000 , 0.244444444 , 0.666666667 ]
 - [ 0.500000000 , 0.244444444 , 0.703703704 ]
 - [ 0.500000000 , 0.244444444 , 0.740740741 ]
 - [ 0.500000000 , 0.244444444 , 0.777777778 ]
 - [ 0.500000000 , 0.244444444 , 0.814814815 ]
 - [ 0.500000000 , 0.244444444 , 0.851851852 ]
 - [ 0.500000000 , 0.244444444 , 0.888888889 ]
 - [ 0.500000000 , 0.244444444 , 0.925925926 ]
 - [ 0.500000000 , 0.244444444 , 0.962962963 ]
 - [ 0.500000000 , 0.311111111 , 0.000000000 ]
 - [ 0.500000000 , 0.311111111 , 0.037037037 ]
 - [ 0.500000000 , 0.311111111 , 0.074074074 ]
 - [ 0.500000000 , 0.311111111 , 0.111111111 ]
 - [ 0.500000000 , 0.311111111 , 0.148148148 ]
 - [ 0.500000000 , 0.311111111 , 0.185185185 ]
 - [ 0.500000000 , 0.311111111 , 0.222222222 ]
 - [ 0.500000000 , 0.311111111 , 0.259259259 ]
 - [ 0.500000000 , 0.311111111 , 0.296296296 ]
 - [ 0.500000000 , 0.311111111 , 0.333333333 ]
 - [ 0.500000000 , 0.311111111 , 0.370370370 ]
 - [ 0.500000000 , 0.311111111 , 0.407407407 ]
 - [ 0.500000000 , 0.311111111 , 0.444444444 ]
 - [ 0.500000000 , 0.311111111 , 0.481481481 ]
 - [ 0.500000000 , 0.311111111 , 0.518518519 ]
 - [ 0.500000000 , 0.311111111 , 0.555555556 ]
 - [ 0.500000000 , 0.311111111 , 0.592592593 ]
 - [ 0.500000000 , 0.311111111 , 0.629629630 ]
 - [ 0.500000000 , 0.311111111 , 0.666666667 ]
 - [ 0.500000000 , 0.311111111 , 0.703703704 ]
 - [ 0.500000000 , 0.311111111 , 0.740740741 ]
 - [ 0.500000000 , 0.311111111 , 0.777777778 ]
 - [ 0.500000000 , 0.311111111 , 0.814814815 ]
 - [ 0.500000000 , 0.311111111 , 0.851851852 ]
 - [ 0.500000000 , 0.311111111 , 0.888888889 ]
 - [ 0.500000000 , 0.311111111 , 0.925925926 ]
 - [ 0.500000000 , 0.311111111 , 0.962962963 ]
 - [ 0.500000000 , 0.377777778 , 0.000000000 ]
 - [ 0.500000000 , 0.377777778 , 0.037037037 ]
 - [ 0.500000000 , 0.377777778 , 0.074074074 ]
 - [ 0.500000000 , 0.377777778 , 0.111111111 ]
 - [ 0.500000000 , 0.377777778 , 0.148148148 ]
 - [ 0.500000000 , 0.377777778 , 0.185185185 ]
 - [ 0.500000000 , 0.377777778 , 0.222222222 ]
 - [ 0.500000000 , 0.377777778 , 0.259259259 ]
 - [ 0.500000000 , 0.377777778 , 0.296296296 ]
 - [ 0.500000000 , 0.377777778 , 0.333333333 ]
 - [ 0.500000000 , 0.377777778 , 0.370370370 ]
 - [ 0.500000000 , 0.377777778 , 0.407407407 ]
 - [ 0.500000000 , 0.377777778 , 0.444444444 ]
 - [ 0.500000000 , 0.377777778 , 0.481481481 ]
 - [ 0.500000000 , 0.377777778 , 0.518518519 ]
 - [ 0.500000000 , 0.377777778 , 0.555555556 ]
 - [ 0.500000000 , 0.377777778 , 0.592592593 ]
 - [ 0.500000000 , 0.377777778 , 0.629629630 ]
 - [ 0.500000000 , 0.377777778 , 0.666666667 ]
 - [ 0.500000000 , 0.377777778 , 0.703703704 ]
 - [ 0.500000000 , 0.377777778 , 0.740740741 ]
 - [ 0.500000000 , 0.377777778 , 0.777777778 ]
 - [ 0.500000000 , 0.377777778 , 0.814814815 ]
 - [ 0.500000000 , 0.377777778 , 0.851851852 ]
 - [ 0.500000000 , 0.377777778 , 0.888888889 ]
 - [ 0.500000000 , 0.377777778 , 0.925925926 ]
 - [ 0.500000000 , 0.377777778 , 0.962962963 ]
 - [ 0.500000000 , 0.444444444 , 0.000000000 ]
 - [ 0.500000000 , 0.444444444 , 0.037037037 ]
 - [ 0.500000000 , 0.444444444 , 0.074074074 ]
 - [ 0.500000000 , 0.444444444 , 0.111111111 ]
 - [ 0.500000000 , 0.444444444 , 0.148148148 ]
 - [ 0.500000000 , 0.444444444 , 0.185185185 ]
 - [ 0.500000000 , 0.444444444 , 0.222222222 ]
 - [ 0.500000000 , 0.444444444 , 0.259259259 ]
 - [ 0.500000000 , 0.444444444 , 0.296296296 ]
 - [ 0.500000000 , 0.444444444 , 0.333333333 ]
 - [ 0.500000000 , 0.444444444 , 0.370370370 ]
 - [ 0.500000000 , 0.444444444 , 0.407407407 ]
 - [ 0.500000000 , 0.444444444 , 0.444444444 ]
 - [ 0.500000000 , 0.444444444 , 0.481481481 ]
 - [ 0.500000000 , 0.444444444 , 0.518518519 ]
 - [ 0.500000000 , 0.444444444 , 0.555555556 ]
 - [ 0.500000000 , 0.444444444 , 0.592592593 ]
 - [ 0.500000000 , 0.444444444 , 0.629629630 ]
 - [ 0.500000000 , 0.444444444 , 0.666666667 ]
 - [ 0.500000000 , 0.444444444 , 0.703703704 ]
 - [ 0.500000000 , 0.444444444 , 0.740740741 ]
 - [ 0.500000000 , 0.444444444 , 0.777777778 ]
 - [ 0.500000000 , 0.444444444 , 0.814814815 ]
 - [ 0.500000000 , 0.444444444 , 0.851851852 ]
 - [ 0.500000000 , 0.444444444 , 0.888888889 ]
 - [ 0.500000000 , 0.444444444 , 0.925925926 ]
 - [ 0.500000000 , 0.444444444 , 0.962962963 ]
 - [ 0.500000000 , 0.511111111 , 0.000000000 ]
 - [ 0.500000000 , 0.511111111 , 0.037037037 ]
 - [ 0.500000000 , 0.511111111 , 0.074074074 ]
 - [ 0.500000000 , 0.511111111 , 0.111111111 ]
 - [ 0.500000000 , 0.511111111 , 0.148148148 ]
 - [ 0.500000000 , 0.511111111 , 0.185185185 ]
 - [ 0.500000000 , 0.511111111 , 0.222222222 ]
 - [ 0.500000000 , 0.511111111 , 0.259259259 ]
 - [ 0.500000000 , 0.511111111 , 0.296296296 ]
 - [ 0.500000000 , 0.511111111 , 0.333333333 ]
 - [ 0.500000000 , 0.511111111 , 0.370370370 ]
 - [ 0.500000000 , 0.511111111 , 0.407407407 ]
 - [ 0.500000000 , 0.511111111 , 0.444444444 ]
 - [ 0.500000000 , 0.511111111 , 0.481481481 ]
 - [ 0.500000000 , 0.511111111 , 0.518518519 ]
 - [ 0.500000000 , 0.511111111 , 0.555555556 ]
 - [ 0.500000000 , 0.511111111 , 0.592592593 ]
 - [ 0.500000000 , 0.511111111 , 0.629629630 ]
 - [ 0.500000000 , 0.511111111 , 0.666666667 ]
 - [ 0.500000000 , 0.511111111 , 0.703703704 ]
 - [ 0.500000000 , 0.511111111 , 0.740740741 ]
 - [ 0.500000000 , 0.511111111 , 0.777777778 ]
 - [ 0.500000000 , 0.511111111 , 0.814814815 ]
 - [ 0.500000000 , 0.511111111 , 0.851851852 ]
 - [ 0.500000000 , 0.511111111 , 0.888888889 ]
 - [ 0.500000000 , 0.511111111 , 0.925925926 ]
 - [ 0.500000000 , 0.511111111 , 0.962962963 ]
 - [ 0.500000000 , 0.577777778 , 0.000000000 ]
 - [ 0.500000000 , 0.577777778 , 0.037037037 ]
 - [ 0.500000000 , 0.577777778 , 0.074074074 ]
 - [ 0.500000000 , 0.577777778 , 0.111111111 ]
 - [ 0.500000000 , 0.577777778 , 0.148148148 ]
 - [ 0.500000000 , 0.577777778 , 0.185185185 ]
 - [ 0.500000000 , 0.577777778 , 0.222222222 ]
 - [ 0.500000000 , 0.577777778 , 0.259259259 ]
 - [ 0.500000000 , 0.577777778 , 0.296296296 ]
 - [ 0.500000000 , 0.577777778 , 0.333333333 ]
 - [ 0.500000000 , 0.577777778 , 0.370370370 ]
 - [ 0.500000000 , 0.577777778 , 0.407407407 ]
 - [ 0.500000000 , 0.577777778 , 0.444444444 ]
 - [ 0.500000000 , 0.577777778 , 0.481481481 ]
 - [ 0.500000000 , 0.577777778 , 0.518518519 ]
 - [ 0.500000000 , 0.577777778 , 0.555555556 ]
 - [ 0.500000000 , 0.577777778 , 0.592592593 ]
 - [ 0.500000000 , 0.577777778 , 0.629629630 ]
 - [ 0.500000000 , 0.577777778 , 0.666666667 ]
 - [ 0.500000000 , 0.577777778 , 0.703703704 ]
 - [ 0.500000000 , 0.577777778 , 0.740740741 ]
 - [ 0.500000000 , 0.577777778 , 0.777777778 ]
 - [ 0.500000000 , 0.577777778 , 0.814814815 ]
 - [ 0.500000000 , 0.577777778 , 0.851851852 ]
 - [ 0.500000000 , 0.577777778 , 0.888888889 ]
 - [ 0.500000000 , 0.577777778 , 0.925925926 ]
 - [ 0.500000000 , 0.577777778 , 0.962962963 ]
 - [ 0.500000000 , 0.644444444 , 0.000000000 ]
 - [ 0.500000000 , 0.644444444 , 0.037037037 ]
 - [ 0.500000000 , 0.644444444 , 0.074074074 ]
 - [ 0.500000000 , 0.644444444 , 0.111111111 ]
 - [ 0.500000000 , 0.644444444 , 0.148148148 ]
 - [ 0.500000000 , 0.644444444 , 0.185185185 ]
 - [ 0.500000000 , 0.644444444 , 0.222222222 ]
 - [ 0.500000000 , 0.644444444 , 0.259259259 ]
 - [ 0.500000000 , 0.644444444 , 0.296296296 ]
 - [ 0.500000000 , 0.644444444 , 0.333333333 ]
 - [ 0.500000000 , 0.644444444 , 0.370370370 ]
 - [ 0.500000000 , 0.644444444 , 0.407407407 ]
 - [ 0.500000000 , 0.644444444 , 0.444444444 ]
 - [ 0.500000000 , 0.644444444 , 0.481481481 ]
 - [ 0.500000000 , 0.644444444 , 0.518518519 ]
 - [ 0.500000000 , 0.644444444 , 0.555555556 ]
 - [ 0.500000000 , 0.644444444 , 0.592592593 ]
 - [ 0.500000000 , 0.644444444 , 0.629629630 ]
 - [ 0.500000000 , 0.644444444 , 0.666666667 ]
 - [ 0.500000000 , 0.644444444 , 0.703703704 ]
 - [ 0.500000000 , 0.644444444 , 0.740740741 ]
 - [ 0.500000000 , 0.644444444 , 0.777777778 ]
 - [ 0.500000000 , 0.644444444 , 0.814814815 ]
 - [ 0.500000000 , 0.644444444 , 0.851851852 ]
 - [ 0.500000000 , 0.644444444 , 0.888888889 ]
 - [ 0.500000000 , 0.644444444 , 0.925925926 ]
 - [ 0.500000000 , 0.644444444 , 0.962962963 ]
 - [ 0.500000000 , 0.711111111 , 0.000000000 ]
 - [ 0.500000000 , 0.711111111 , 0.037037037 ]
 - [ 0.500000000 , 0.711111111 , 0.074074074 ]
 - [ 0.500000000 , 0.711111111 , 0.111111111 ]
 - [ 0.500000000 , 0.711111111 , 0.148148148 ]
 - [ 0.500000000 , 0.711111111 , 0.185185185 ]
 - [ 0.500000000 , 0.711111111 , 0.222222222 ]
 - [ 0.500000000 , 0.711111111 , 0.259259259 ]
 - [ 0.500000000 , 0.711111111 , 0.296296296 ]
 - [ 0.500000000 , 0.711111111 , 0.333333333 ]
 - [ 0.500000000 , 0.711111111 , 0.370370370 ]
 - [ 0.500000000 , 0.711111111 , 0.407407407 ]
 - [ 0.500000000 , 0.711111111 , 0.444444444 ]
 - [ 0.500000000 , 0.711111111 , 0.481481481 ]
 - [ 0.500000000 , 0.711111111 , 0.518518519 ]
 - [ 0.500000000 , 0.711111111 , 0.555555556 ]
 - [ 0.500000000 , 0.711111111 , 0.592592593 ]
 - [ 0.500000000 , 0.711111111 , 0.629629630 ]
 - [ 0.500000000 , 0.711111111 , 0.666666667 ]
 - [ 0.500000000 , 0.711111111 , 0.703703704 ]
 - [ 0.500000000 , 0.711111111 , 0.740740741 ]
 - [ 0.500000000 , 0.711111111 , 0.777777778 ]
 - [ 0.500000000 , 0.711111111 , 0.814814815 ]
 - [ 0.500000000 , 0.711111111 , 0.851851852 ]
 - [ 0.500000000 , 0.711111111 , 0.888888889 ]
 - [ 0.500000000 , 0.711111111 , 0.925925926 ]
 - [ 0.500000000 , 0.711111111 , 0.962962963 ]
 - [ 0.500000000 , 0.777777778 , 0.000000000 ]
 - [ 0.500000000 , 0.777777778 , 0.037037037 ]
 - [ 0.500000000 , 0.777777778 , 0.074074074 ]
 - [ 0.500000000 , 0.777777778 , 0.111111111 ]
 - [ 0.500000000 , 0.777777778 , 0.148148148 ]
 - [ 0.500000000 , 0.777777778 , 0.185185185 ]
 - [ 0.500000000 , 0.777777778 , 0.222222222 ]
 - [ 0.500000000 , 0.777777778 , 0.259259259 ]
 - [ 0.500000000 , 0.777777778 , 0.296296296 ]
 - [ 0.500000000 , 0.777777778 , 0.333333333 ]
 - [ 0.500000000 , 0.777777778 , 0.370370370 ]
 - [ 0.500000000 , 0.777777778 , 0.407407407 ]
 - [ 0.500000000 , 0.777777778 , 0.444444444 ]
 - [ 0.500000000 , 0.777777778 , 0.481481481 ]
 - [ 0.500000000 , 0.777777778 , 0.518518519 ]
 - [ 0.500000000 , 0.777777778 , 0.555555556 ]
 - [ 0.500000000 , 0.777777778 , 0.592592593 ]
 - [ 0.500000000 , 0.777777778 , 0.629629630 ]
 - [ 0.500000000 , 0.777777778 , 0.666666667 ]
 - [ 0.500000000 , 0.777777778 , 0.703703704 ]
 - [ 0.500000000 , 0.777777778 , 0.740740741 ]
 - [ 0.500000000 , 0.777777778 , 0.777777778 ]
 - [ 0.500000000 , 0.777777778 , 0.814814815 ]
 - [ 0.500000000 , 0.777777778 , 0.851851852 ]
 - [ 0.500000000 , 0.777777778 , 0.888888889 ]
 - [ 0.500000000 , 0.777777778 , 0.925925926 ]
 - [ 0.500000000 , 0.777777778 , 0.962962963 ]
 - [ 0.500000000 , 0.844444444 , 0.000000000 ]
 - [ 0.500000000 , 0.844444444 , 0.037037037 ]
 - [ 0.500000000 , 0.844444444 , 0.074074074 ]
 - [ 0.500000000 , 0.844444444 , 0.111111111 ]
 - [ 0.500000000 , 0.844444444 , 0.148148148 ]
 - [ 0.500000000 , 0.844444444 , 0.185185185 ]
 - [ 0.500000000 , 0.844444444 , 0.222222222 ]
 - [ 0.500000000 , 0.844444444 , 0.259259259 ]
 - [ 0.500000000 , 0.844444444 , 0.296296296 ]
 - [ 0.500000000 , 0.844444444 , 0.333333333 ]
 - [ 0.500000000 , 0.844444444 , 0.370370370 ]
 - [ 0.500000000 , 0.844444444 , 0.407407407 ]
 - [ 0.500000000 , 0.844444444 , 0.444444444 ]
 - [ 0.500000000 , 0.844444444 , 0.481481481 ]
 - [ 0.500000000 , 0.844444444 , 0.518518519 ]
 - [ 0.500000000 , 0.844444444 , 0.555555556 ]
 - [ 0.500000000 , 0.844444444 , 0.592592593 ]
 - [ 0.500000000 , 0.844444444 , 0.629629630 ]
 - [ 0.500000000 , 0.844444444 , 0.666666667 ]
 - [ 0.500000000 , 0.844444444 , 0.703703704 ]
 - [ 0.500000000 , 0.844444444 , 0.740740741 ]
 - [ 0.500000000 , 0.844444444 , 0.777777778 ]
 - [ 0.500000000 , 0.844444444 , 0.814814815 ]
 - [ 0.500000000 , 0.844444444 , 0.851851852 ]
 - [ 0.500000000 , 0.844444444 , 0.888888889 ]
 - [ 0.500000000 , 0.844444444 , 0.925925926 ]
 - [ 0.500000000 , 0.844444444 , 0.962962963 ]
 - [ 0.500000000 , 0.911111111 , 0.000000000 ]
 - [ 0.500000000 , 0.911111111 , 0.037037037 ]
 - [ 0.500000000 , 0.911111111 , 0.074074074 ]
 - [ 0.500000000 , 0.911111111 , 0.111111111 ]
 - [ 0.500000000 , 0.911111111 , 0.148148148 ]
 - [ 0.500000000 , 0.911111111 , 0.185185185 ]
 - [ 0.500000000 , 0.911111111 , 0.222222222 ]
 - [ 0.500000000 , 0.911111111 , 0.259259259 ]
 - [ 0.500000000 , 0.911111111 , 0.296296296 ]
 - [ 0.500000000 , 0.911111111 , 0.333333333 ]
 - [ 0.500000000 , 0.911111111 , 0.370370370 ]
 - [ 0.500000000 , 0.911111111 , 0.407407407 ]
 - [ 0.500000000 , 0.911111111 , 0.444444444 ]
 - [ 0.500000000 , 0.911111111 , 0.481481481 ]
 - [ 0.500000000 , 0.911111111 , 0.518518519 ]
 - [ 0.500000000 , 0.911111111 , 0.555555556 ]
 - [ 0.500000000 , 0.911111111 , 0.592592593 ]
 - [ 0.500000000 , 0.911111111 , 0.629629630 ]
 - [ 0.500000000 , 0.911111111 , 0.666666667 ]
 - [ 0.500000000 , 0.911111111 , 0.703703704 ]
 - [ 0.500000000 , 0.911111111 , 0.740740741 ]
 - [ 0.500000000 , 0.911111111 , 0.777777778 ]
 - [ 0.500000000 , 0.911111111 , 0.814814815 ]
 - [ 0.500000000 , 0.911111111 , 0.851851852 ]
 - [ 0.500000000 , 0.911111111 , 0.888888889 ]
 - [ 0.500000000 , 0.911111111 , 0.925925926 ]
 - [ 0.500000000 , 0.911111111 , 0.962962963 ]
 - [ 0.500000000 , 0.977777778 , 0.000000000 ]
 - [ 0.500000000 , 0.977777778 , 0.037037037 ]
 - [ 0.500000000 , 0.977777778 , 0.074074074 ]
 - [ 0.500000000 , 0.977777778 , 0.111111111 ]
 - [ 0.500000000 , 0.977777778 , 0.148148148 ]
 - [ 0.500000000 , 0.977777778 , 0.185185185 ]
 - [ 0.500000000 , 0.977777778 , 0.222222222 ]
 - [ 0.500000000 , 0.977777778 , 0.259259259 ]
 - [ 0.500000000 , 0.977777778 , 0.296296296 ]
 - [ 0.500000000 , 0.977777778 , 0.333333333 ]
 - [ 0.500000000 , 0.977777778 , 0.370370370 ]
 - [ 0.500000000 , 0.977777778 , 0.407407407 ]
 - [ 0.500000000 , 0.977777778 , 0.444444444 ]
 - [ 0.500000000 , 0.977777778 , 0.481481481 ]
 - [ 0.500000000 , 0.977777778 , 0.518518519 ]
 - [ 0.500000000 , 0.977777778 , 0.555555556 ]
 - [ 0.500000000 , 0.977777778 , 0.592592593 ]
 - [ 0.500000000 , 0.977777778 , 0.629629630 ]
 - [ 0.500000000 , 0.977777778 , 0.666666667 ]
 - [ 0.500000000 , 0.977777778 , 0.703703704 ]
 - [ 0.500000000 , 0.977777778 , 0.740740741 ]
 - [ 0.500000000 , 0.977777778 , 0.777777778 ]
 - [ 0.500000000 , 0.977777778 , 0.814814815 ]
 - [ 0.500000000 , 0.977777778 , 0.851851852 ]
 - [ 0.500000000 , 0.977777778 , 0.888888889 ]
 - [ 0.500000000 , 0.977777778 , 0.925925926 ]
 - [ 0.500000000 , 0.977777778 , 0.962962963 ]
 - [ 0.500000000 , 0.033333333 , 0.018518519 ]
 - [ 0.500000000 , 0.033333333 , 0.055555556 ]
 - [ 0.500000000 , 0.033333333 , 0.092592593 ]
 - [ 0.500000000 , 0.033333333 , 0.129629630 ]
 - [ 0.500000000 , 0.033333333 , 0.166666667 ]
 - [ 0.500000000 , 0.033333333 , 0.203703704 ]
 - [ 0.500000000 , 0.033333333 , 0.240740741 ]
 - [ 0.500000000 , 0.033333333 , 0.277777778 ]
 - [ 0.500000000 , 0.033333333 , 0.314814815 ]
 - [ 0.500000000 , 0.033333333 , 0.351851852 ]
 - [ 0.500000000 , 0.033333333 , 0.388888889 ]
 - [ 0.500000000 , 0.033333333 , 0.425925926 ]
 - [ 0.500000000 , 0.033333333 , 0.462962963 ]
 - [ 0.500000000 , 0.033333333 , 0.500000000 ]
 - [ 0.500000000 , 0.033333333 , 0.537037037 ]
 - [ 0.500000000 , 0.033333333 , 0.574074074 ]
 - [ 0.500000000 , 0.033333333 , 0.611111111 ]
 - [ 0.500000000 , 0.033333333 , 0.648148148 ]
 - [ 0.500000000 , 0.033333333 , 0.685185185 ]
 - [ 0.500000000 , 0.033333333 , 0.722222222 ]
 - [ 0.500000000 , 0.033333333 , 0.759259259 ]
 - [ 0.500000000 , 0.033333333 , 0.796296296 ]
 - [ 0.500000000 , 0.033333333 , 0.833333333 ]
 - [ 0.500000000 , 0.033333333 , 0.870370370 ]
 - [ 0.500000000 , 0.033333333 , 0.907407407 ]
 - [ 0.500000000 , 0.033333333 , 0.944444444 ]
 - [ 0.500000000 , 0.033333333 , 0.981481481 ]
 - [ 0.500000000 , 0.100000000 , 0.018518519 ]
 - [ 0.500000000 , 0.100000000 , 0.055555556 ]
 - [ 0.500000000 , 0.100000000 , 0.092592593 ]
 - [ 0.500000000 , 0.100000000 , 0.129629630 ]
 - [ 0.500000000 , 0.100000000 , 0.166666667 ]
 - [ 0.500000000 , 0.100000000 , 0.203703704 ]
 - [ 0.500000000 , 0.100000000 , 0.240740741 ]
 - [ 0.500000000 , 0.100000000 , 0.277777778 ]
 - [ 0.500000000 , 0.100000000 , 0.314814815 ]
 - [ 0.500000000 , 0.100000000 , 0.351851852 ]
 - [ 0.500000000 , 0.100000000 , 0.388888889 ]
 - [ 0.500000000 , 0.100000000 , 0.425925926 ]
 - [ 0.500000000 , 0.100000000 , 0.462962963 ]
 - [ 0.500000000 , 0.100000000 , 0.500000000 ]
 - [ 0.500000000 , 0.100000000 , 0.537037037 ]
 - [ 0.500000000 , 0.100000000 , 0.574074074 ]
 - [ 0.500000000 , 0.100000000 , 0.611111111 ]
 - [ 0.500000000 , 0.100000000 , 0.648148148 ]
 - [ 0.500000000 , 0.100000000 , 0.685185185 ]
 - [ 0.500000000 , 0.100000000 , 0.722222222 ]
 - [ 0.500000000 , 0.100000000 , 0.759259259 ]
 - [ 0.500000000 , 0.100000000 , 0.796296296 ]
 - [ 0.500000000 , 0.100000000 , 0.833333333 ]
 - [ 0.500000000 , 0.100000000 , 0.870370370 ]
 - [ 0.500000000 , 0.100000000 , 0.907407407 ]
 - [ 0.500000000 , 0.100000000 , 0.944444444 ]
 - [ 0.500000000 , 0.100000000 , 0.981481481 ]
 - [ 0.500000000 , 0.166666667 , 0.018518519 ]
 - [ 0.500000000 , 0.166666667 , 0.055555556 ]
 - [ 0.500000000 , 0.166666667 , 0.092592593 ]
 - [ 0.500000000 , 0.166666667 , 0.129629630 ]
 - [ 0.500000000 , 0.166666667 , 0.166666667 ]
 - [ 0.500000000 , 0.166666667 , 0.203703704 ]
 - [ 0.500000000 , 0.166666667 , 0.240740741 ]
 - [ 0.500000000 , 0.166666667 , 0.277777778 ]
 - [ 0.500000000 , 0.166666667 , 0.314814815 ]
 - [ 0.500000000 , 0.166666667 , 0.351851852 ]
 - [ 0.500000000 , 0.166666667 , 0.388888889 ]
 - [ 0.500000000 , 0.166666667 , 0.425925926 ]
 - [ 0.500000000 , 0.166666667 , 0.462962963 ]
 - [ 0.500000000 , 0.166666667 , 0.500000000 ]
 - [ 0.500000000 , 0.166666667 , 0.537037037 ]
 - [ 0.500000000 , 0.166666667 , 0.574074074 ]
 - [ 0.500000000 , 0.166666667 , 0.611111111 ]
 - [ 0.500000000 , 0.166666667 , 0.648148148 ]
 - [ 0.500000000 , 0.166666667 , 0.685185185 ]
 - [ 0.500000000 , 0.166666667 , 0.722222222 ]
 - [ 0.500000000 , 0.166666667 , 0.759259259 ]
 - [ 0.500000000 , 0.166666667 , 0.796296296 ]
 - [ 0.500000000 , 0.166666667 , 0.833333333 ]
 - [ 0.500000000 , 0.166666667 , 0.870370370 ]
 - [ 0.500000000 , 0.166666667 , 0.907407407 ]
 - [ 0.500000000 , 0.166666667 , 0.944444444 ]
 - [ 0.500000000 , 0.166666667 , 0.981481481 ]
 - [ 0.500000000 , 0.233333333 , 0.018518519 ]
 - [ 0.500000000 , 0.233333333 , 0.055555556 ]
 - [ 0.500000000 , 0.233333333 , 0.092592593 ]
 - [ 0.500000000 , 0.233333333 , 0.129629630 ]
 - [ 0.500000000 , 0.233333333 , 0.166666667 ]
 - [ 0.500000000 , 0.233333333 , 0.203703704 ]
 - [ 0.500000000 , 0.233333333 , 0.240740741 ]
 - [ 0.500000000 , 0.233333333 , 0.277777778 ]
 - [ 0.500000000 , 0.233333333 , 0.314814815 ]
 - [ 0.500000000 , 0.233333333 , 0.351851852 ]
 - [ 0.500000000 , 0.233333333 , 0.388888889 ]
 - [ 0.500000000 , 0.233333333 , 0.425925926 ]
 - [ 0.500000000 , 0.233333333 , 0.462962963 ]
 - [ 0.500000000 , 0.233333333 , 0.500000000 ]
 - [ 0.500000000 , 0.233333333 , 0.537037037 ]
 - [ 0.500000000 , 0.233333333 , 0.574074074 ]
 - [ 0.500000000 , 0.233333333 , 0.611111111 ]
 - [ 0.500000000 , 0.233333333 , 0.648148148 ]
 - [ 0.500000000 , 0.233333333 , 0.685185185 ]
 - [ 0.500000000 , 0.233333333 , 0.722222222 ]
 - [ 0.500000000 , 0.233333333 , 0.759259259 ]
 - [ 0.500000000 , 0.233333333 , 0.796296296 ]
 - [ 0.500000000 , 0.233333333 , 0.833333333 ]
 - [ 0.500000000 , 0.233333333 , 0.870370370 ]
 - [ 0.500000000 , 0.233333333 , 0.907407407 ]
 - [ 0.500000000 , 0.233333333 , 0.944444444 ]
 - [ 0.500000000 , 0.233333333 , 0.981481481 ]
 - [ 0.500000000 , 0.300000000 , 0.018518519 ]
 - [ 0.500000000 , 0.300000000 , 0.055555556 ]
 - [ 0.500000000 , 0.300000000 , 0.092592593 ]
 - [ 0.500000000 , 0.300000000 , 0.129629630 ]
 - [ 0.500000000 , 0.300000000 , 0.166666667 ]
 - [ 0.500000000 , 0.300000000 , 0.203703704 ]
 - [ 0.500000000 , 0.300000000 , 0.240740741 ]
 - [ 0.500000000 , 0.300000000 , 0.277777778 ]
 - [ 0.500000000 , 0.300000000 , 0.314814815 ]
 - [ 0.500000000 , 0.300000000 , 0.351851852 ]
 - [ 0.500000000 , 0.300000000 , 0.388888889 ]
 - [ 0.500000000 , 0.300000000 , 0.425925926 ]
 - [ 0.500000000 , 0.300000000 , 0.462962963 ]
 - [ 0.500000000 , 0.300000000 , 0.500000000 ]
 - [ 0.500000000 , 0.300000000 , 0.537037037 ]
 - [ 0.500000000 , 0.300000000 , 0.574074074 ]
 - [ 0.500000000 , 0.300000000 , 0.611111111 ]
 - [ 0.500000000 , 0.300000000 , 0.648148148 ]
 - [ 0.500000000 , 0.300000000 , 0.685185185 ]
 - [ 0.500000000 , 0.300000000 , 0.722222222 ]
 - [ 0.500000000 , 0.300000000 , 0.759259259 ]
 - [ 0.500000000 , 0.300000000 , 0.796296296 ]
 - [ 0.500000000 , 0.300000000 , 0.833333333 ]
 - [ 0.500000000 , 0.300000000 , 0.870370370 ]
 - [ 0.500000000 , 0.300000000 , 0.907407407 ]
 - [ 0.500000000 , 0.300000000 , 0.944444444 ]
 - [ 0.500000000 , 0.300000000 , 0.981481481 ]
 - [ 0.500000000 , 0.366666667 , 0.018518519 ]
 - [ 0.500000000 , 0.366666667 , 0.055555556 ]
 - [ 0.500000000 , 0.366666667 , 0.092592593 ]
 - [ 0.500000000 , 0.366666667 , 0.129629630 ]
 - [ 0.500000000 , 0.366666667 , 0.166666667 ]
 - [ 0.500000000 , 0.366666667 , 0.203703704 ]
 - [ 0.500000000 , 0.366666667 , 0.240740741 ]
 - [ 0.500000000 , 0.366666667 , 0.277777778 ]
 - [ 0.500000000 , 0.366666667 , 0.314814815 ]
 - [ 0.500000000 , 0.366666667 , 0.351851852 ]
 - [ 0.500000000 , 0.366666667 , 0.388888889 ]
 - [ 0.500000000 , 0.366666667 , 0.425925926 ]
 - [ 0.500000000 , 0.366666667 , 0.462962963 ]
 - [ 0.500000000 , 0.366666667 , 0.500000000 ]
 - [ 0.500000000 , 0.366666667 , 0.537037037 ]
 - [ 0.500000000 , 0.366666667 , 0.574074074 ]
 - [ 0.500000000 , 0.366666667 , 0.611111111 ]
 - [ 0.500000000 , 0.366666667 , 0.648148148 ]
 - [ 0.500000000 , 0.366666667 , 0.685185185 ]
 - [ 0.500000000 , 0.366666667 , 0.722222222 ]
 - [ 0.500000000 , 0.366666667 , 0.759259259 ]
 - [ 0.500000000 , 0.366666667 , 0.796296296 ]
 - [ 0.500000000 , 0.366666667 , 0.833333333 ]
 - [ 0.500000000 , 0.366666667 , 0.870370370 ]
 - [ 0.500000000 , 0.366666667 , 0.907407407 ]
 - [ 0.500000000 , 0.366666667 , 0.944444444 ]
 - [ 0.500000000 , 0.366666667 , 0.981481481 ]
 - [ 0.500000000 , 0.433333333 , 0.018518519 ]
 - [ 0.500000000 , 0.433333333 , 0.055555556 ]
 - [ 0.500000000 , 0.433333333 , 0.092592593 ]
 - [ 0.500000000 , 0.433333333 , 0.129629630 ]
 - [ 0.500000000 , 0.433333333 , 0.166666667 ]
 - [ 0.500000000 , 0.433333333 , 0.203703704 ]
 - [ 0.500000000 , 0.433333333 , 0.240740741 ]
 - [ 0.500000000 , 0.433333333 , 0.277777778 ]
 - [ 0.500000000 , 0.433333333 , 0.314814815 ]
 - [ 0.500000000 , 0.433333333 , 0.351851852 ]
 - [ 0.500000000 , 0.433333333 , 0.388888889 ]
 - [ 0.500000000 , 0.433333333 , 0.425925926 ]
 - [ 0.500000000 , 0.433333333 , 0.462962963 ]
 - [ 0.500000000 , 0.433333333 , 0.500000000 ]
 - [ 0.500000000 , 0.433333333 , 0.537037037 ]
 - [ 0.500000000 , 0.433333333 , 0.574074074 ]
 - [ 0.500000000 , 0.433333333 , 0.611111111 ]
 - [ 0.500000000 , 0.433333333 , 0.648148148 ]
 - [ 0.500000000 , 0.433333333 , 0.685185185 ]
 - [ 0.500000000 , 0.433333333 , 0.722222222 ]
 - [ 0.500000000 , 0.433333333 , 0.759259259 ]
 - [ 0.500000000 , 0.433333333 , 0.796296296 ]
 - [ 0.500000000 , 0.433333333 , 0.833333333 ]
 - [ 0.500000000 , 0.433333333 , 0.870370370 ]
 - [ 0.500000000 , 0.433333333 , 0.907407407 ]
 - [ 0.500000000 , 0.433333333 , 0.944444444 ]
 - [ 0.500000000 , 0.433333333 , 0.981481481 ]
 - [ 0.500000000 , 0.500000000 , 0.018518519 ]
 - [ 0.500000000 , 0.500000000 , 0.055555556 ]
 - [ 0.500000000 , 0.500000000 , 0.092592593 ]
 - [ 0.500000000 , 0.500000000 , 0.129629630 ]
 - [ 0.500000000 , 0.500000000 , 0.166666667 ]
 - [ 0.500000000 , 0.500000000 , 0.203703704 ]
 - [ 0.500000000 , 0.500000000 , 0.240740741 ]
 - [ 0.500000000 , 0.500000000 , 0.277777778 ]
 - [ 0.500000000 , 0.500000000 , 0.314814815 ]
 - [ 0.500000000 , 0.500000000 , 0.351851852 ]
 - [ 0.500000000 , 0.500000000 , 0.388888889 ]
 - [ 0.500000000 , 0.500000000 , 0.425925926 ]
 - [ 0.500000000 , 0.500000000 , 0.462962963 ]
 - [ 0.500000000 , 0.500000000 , 0.500000000 ]
 - [ 0.500000000 , 0.500000000 , 0.537037037 ]
 - [ 0.500000000 , 0.500000000 , 0.574074074 ]
 - [ 0.500000000 , 0.500000000 , 0.611111111 ]
 - [ 0.500000000 , 0.500000000 , 0.648148148 ]
 - [ 0.500000000 , 0.500000000 , 0.685185185 ]
 - [ 0.500000000 , 0.500000000 , 0.722222222 ]
 - [ 0.500000000 , 0.500000000 , 0.759259259 ]
 - [ 0.500000000 , 0.500000000 , 0.796296296 ]
 - [ 0.500000000 , 0.500000000 , 0.833333333 ]
 - [ 0.500000000 , 0.500000000 , 0.870370370 ]
 - [ 0.500000000 , 0.500000000 , 0.907407407 ]
 - [ 0.500000000 , 0.500000000 , 0.944444444 ]
 - [ 0.500000000 , 0.500000000 , 0.981481481 ]
 - [ 0.500000000 , 0.566666667 , 0.018518519 ]
 - [ 0.500000000 , 0.566666667 , 0.055555556 ]
 - [ 0.500000000 , 0.566666667 , 0.092592593 ]
 - [ 0.500000000 , 0.566666667 , 0.129629630 ]
 - [ 0.500000000 , 0.566666667 , 0.166666667 ]
 - [ 0.500000000 , 0.566666667 , 0.203703704 ]
 - [ 0.500000000 , 0.566666667 , 0.240740741 ]
 - [ 0.500000000 , 0.566666667 , 0.277777778 ]
 - [ 0.500000000 , 0.566666667 , 0.314814815 ]
 - [ 0.500000000 , 0.566666667 , 0.351851852 ]
 - [ 0.500000000 , 0.566666667 , 0.388888889 ]
 - [ 0.500000000 , 0.566666667 , 0.425925926 ]
 - [ 0.500000000 , 0.566666667 , 0.462962963 ]
 - [ 0.500000000 , 0.566666667 , 0.500000000 ]
 - [ 0.500000000 , 0.566666667 , 0.537037037 ]
 - [ 0.500000000 , 0.566666667 , 0.574074074 ]
 - [ 0.500000000 , 0.566666667 , 0.611111111 ]
 - [ 0.500000000 , 0.566666667 , 0.648148148 ]
 - [ 0.500000000 , 0.566666667 , 0.685185185 ]
 - [ 0.500000000 , 0.566666667 , 0.722222222 ]
 - [ 0.500000000 , 0.566666667 , 0.759259259 ]
 - [ 0.500000000 , 0.566666667 , 0.796296296 ]
 - [ 0.500000000 , 0.566666667 , 0.833333333 ]
 - [ 0.500000000 , 0.566666667 , 0.870370370 ]
 - [ 0.500000000 , 0.566666667 , 0.907407407 ]
 - [ 0.500000000 , 0.566666667 , 0.944444444 ]
 - [ 0.500000000 , 0.566666667 , 0.981481481 ]
 - [ 0.500000000 , 0.633333333 , 0.018518519 ]
 - [ 0.500000000 , 0.633333333 , 0.055555556 ]
 - [ 0.500000000 , 0.633333333 , 0.092592593 ]
 - [ 0.500000000 , 0.633333333 , 0.129629630 ]
 - [ 0.500000000 , 0.633333333 , 0.166666667 ]
 - [ 0.500000000 , 0.633333333 , 0.203703704 ]
 - [ 0.500000000 , 0.633333333 , 0.240740741 ]
 - [ 0.500000000 , 0.633333333 , 0.277777778 ]
 - [ 0.500000000 , 0.633333333 , 0.314814815 ]
 - [ 0.500000000 , 0.633333333 , 0.351851852 ]
 - [ 0.500000000 , 0.633333333 , 0.388888889 ]
 - [ 0.500000000 , 0.633333333 , 0.425925926 ]
 - [ 0.500000000 , 0.633333333 , 0.462962963 ]
 - [ 0.500000000 , 0.633333333 , 0.500000000 ]
 - [ 0.500000000 , 0.633333333 , 0.537037037 ]
 - [ 0.500000000 , 0.633333333 , 0.574074074 ]
 - [ 0.500000000 , 0.633333333 , 0.611111111 ]
 - [ 0.500000000 , 0.633333333 , 0.648148148 ]
 - [ 0.500000000 , 0.633333333 , 0.685185185 ]
 - [ 0.500000000 , 0.633333333 , 0.722222222 ]
 - [ 0.500000000 , 0.633333333 , 0.759259259 ]
 - [ 0.500000000 , 0.633333333 , 0.796296296 ]
 - [ 0.500000000 , 0.633333333 , 0.833333333 ]
 - [ 0.500000000 , 0.633333333 , 0.870370370 ]
 - [ 0.500000000 , 0.633333333 , 0.907407407 ]
 - [ 0.500000000 , 0.633333333 , 0.944444444 ]
 - [ 0.500000000 , 0.633333333 , 0.981481481 ]
 - [ 0.500000000 , 0.700000000 , 0.018518519 ]
 - [ 0.500000000 , 0.700000000 , 0.055555556 ]
 - [ 0.500000000 , 0.700000000 , 0.092592593 ]
 - [ 0.500000000 , 0.700000000 , 0.129629630 ]
 - [ 0.500000000 , 0.700000000 , 0.166666667 ]
 - [ 0.500000000 , 0.700000000 , 0.203703704 ]
 - [ 0.500000000 , 0.700000000 , 0.240740741 ]
 - [ 0.500000000 , 0.700000000 , 0.277777778 ]
 - [ 0.500000000 , 0.700000000 , 0.314814815 ]
 - [ 0.500000000 , 0.700000000 , 0.351851852 ]
 - [ 0.500000000 , 0.700000000 , 0.388888889 ]
 - [ 0.500000000 , 0.700000000 , 0.425925926 ]
 - [ 0.500000000 , 0.700000000 , 0.462962963 ]
 - [ 0.500000000 , 0.700000000 , 0.500000000 ]
 - [ 0.500000000 , 0.700000000 , 0.537037037 ]
 - [ 0.500000000 , 0.700000000 , 0.574074074 ]
 - [ 0.500000000 , 0.700000000 , 0.611111111 ]
 - [ 0.500000000 , 0.700000000 , 0.648148148 ]
 - [ 0.500000000 , 0.700000000 , 0.685185185 ]
 - [ 0.500000000 , 0.700000000 , 0.722222222 ]
 - [ 0.500000000 , 0.700000000 , 0.759259259 ]
 - [ 0.500000000 , 0.700000000 , 0.796296296 ]
 - [ 0.500000000 , 0.700000000 , 0.833333333 ]
 - [ 0.500000000 , 0.700000000 , 0.870370370 ]
 - [ 0.500000000 , 0.700000000 , 0.907407407 ]
 - [ 0.500000000 , 0.700000000 , 0.944444444 ]
 - [ 0.500000000 , 0.700000000 , 0.981481481 ]
 - [ 0.500000000 , 0.766666667 , 0.018518519 ]
 - [ 0.500000000 , 0.766666667 , 0.055555556 ]
 - [ 0.500000000 , 0.766666667 , 0.092592593 ]
 - [ 0.500000000 , 0.766666667 , 0.129629630 ]
 - [ 0.500000000 , 0.766666667 , 0.166666667 ]
 - [ 0.500000000 , 0.766666667 , 0.203703704 ]
 - [ 0.500000000 , 0.766666667 , 0.240740741 ]
 - [ 0.500000000 , 0.766666667 , 0.277777778 ]
 - [ 0.500000000 , 0.766666667 , 0.314814815 ]
 - [ 0.500000000 , 0.766666667 , 0.351851852 ]
 - [ 0.500000000 , 0.766666667 , 0.388888889 ]
 - [ 0.500000000 , 0.766666667 , 0.425925926 ]
 - [ 0.500000000 , 0.766666667 , 0.462962963 ]
 - [ 0.500000000 , 0.766666667 , 0.500000000 ]
 - [ 0.500000000 , 0.766666667 , 0.537037037 ]
 - [ 0.500000000 , 0.766666667 , 0.574074074 ]
 - [ 0.500000000 , 0.766666667 , 0.611111111 ]
 - [ 0.500000000 , 0.766666667 , 0.648148148 ]
 - [ 0.500000000 , 0.766666667 , 0.685185185 ]
 - [ 0.500000000 , 0.766666667 , 0.722222222 ]
 - [ 0.500000000 , 0.766666667 , 0.759259259 ]
 - [ 0.500000000 , 0.766666667 , 0.796296296 ]
 - [ 0.500000000 , 0.766666667 , 0.833333333 ]
 - [ 0.500000000 , 0.766666667 , 0.870370370 ]
 - [ 0.500000000 , 0.766666667 , 0.907407407 ]
 - [ 0.500000000 , 0.766666667 , 0.944444444 ]
 - [ 0.500000000 , 0.766666667 , 0.981481481 ]
 - [ 0.500000000 , 0.833333333 , 0.018518519 ]
 - [ 0.500000000 , 0.833333333 , 0.055555556 ]
 - [ 0.500000000 , 0.833333333 , 0.092592593 ]
 - [ 0.500000000 , 0.833333333 , 0.129629630 ]
 - [ 0.500000000 , 0.833333333 , 0.166666667 ]
 - [ 0.500000000 , 0.833333333 , 0.203703704 ]
 - [ 0.500000000 , 0.833333333 , 0.240740741 ]
 - [ 0.500000000 , 0.833333333 , 0.277777778 ]
 - [ 0.500000000 , 0.833333333 , 0.314814815 ]
 - [ 0.500000000 , 0.833333333 , 0.351851852 ]
 - [ 0.500000000 , 0.833333333 , 0.388888889 ]
 - [ 0.500000000 , 0.833333333 , 0.425925926 ]
 - [ 0.500000000 , 0.833333333 , 0.462962963 ]
 - [ 0.500000000 , 0.833333333 , 0.500000000 ]
 - [ 0.500000000 , 0.833333333 , 0.537037037 ]
 - [ 0.500000000 , 0.833333333 , 0.574074074 ]
 - [ 0.500000000 , 0.833333333 , 0.611111111 ]
 - [ 0.500000000 , 0.833333333 , 0.648148148 ]
 - [ 0.500000000 , 0.833333333 , 0.685185185 ]
 - [ 0.500000000 , 0.833333333 , 0.722222222 ]
 - [ 0.500000000 , 0.833333333 , 0.759259259 ]
 - [ 0.500000000 , 0.833333333 , 0.796296296 ]
 - [ 0.500000000 , 0.833333333 , 0.833333333 ]
 - [ 0.500000000 , 0.833333333 , 0.870370370 ]
 - [ 0.500000000 , 0.833333333 , 0.907407407 ]
 - [ 0.500000000 , 0.833333333 , 0.944444444 ]
 - [ 0.500000000 , 0.833333333 , 0.981481481 ]
 - [ 0.500000000 , 0.900000000 , 0.018518519 ]
 - [ 0.500000000 , 0.900000000 , 0.055555556 ]
 - [ 0.500000000 , 0.900000000 , 0.092592593 ]
 - [ 0.500000000 , 0.900000000 , 0.129629630 ]
 - [ 0.500000000 , 0.900000000 , 0.166666667 ]
 - [ 0.500000000 , 0.900000000 , 0.203703704 ]
 - [ 0.500000000 , 0.900000000 , 0.240740741 ]
 - [ 0.500000000 , 0.900000000 , 0.277777778 ]
 - [ 0.500000000 , 0.900000000 , 0.314814815 ]
 - [ 0.500000000 , 0.900000000 , 0.351851852 ]
 - [ 0.500000000 , 0.900000000 , 0.388888889 ]
 - [ 0.500000000 , 0.900000000 , 0.425925926 ]
 - [ 0.500000000 , 0.900000000 , 0.462962963 ]
 - [ 0.500000000 , 0.900000000 , 0.500000000 ]
 - [ 0.500000000 , 0.900000000 , 0.537037037 ]
 - [ 0.500000000 , 0.900000000 , 0.574074074 ]
 - [ 0.500000000 , 0.900000000 , 0.611111111 ]
 - [ 0.500000000 , 0.900000000 , 0.648148148 ]
 - [ 0.500000000 , 0.900000000 , 0.685185185 ]
 - [ 0.500000000 , 0.900000000 , 0.722222222 ]
 - [ 0.500000000 , 0.900000000 , 0.759259259 ]
 - [ 0.500000000 , 0.900000000 , 0.796296296 ]
 - [ 0.500000000 , 0.900000000 , 0.833333333 ]
 - [ 0.500000000 , 0.900000000 , 0.870370370 ]
 - [ 0.500000000 , 0.900000000 , 0.907407407 ]
 - [ 0.500000000 , 0.900000000 , 0.944444444 ]
 - [ 0.500000000 , 0.900000000 , 0.981481481 ]
 - [ 0.500000000 , 0.966666667 , 0.018518519 ]
 - [ 0.500000000 , 0.966666667 , 0.055555556 ]
 - [ 0.500000000 , 0.966666667 , 0.092592593 ]
 - [ 0.500000000 , 0.966666667 , 0.129629630 ]
 - [ 0.500000000 , 0.966666667 , 0.166666667 ]
 - [ 0.500000000 , 0.966666667 , 0.203703704 ]
 - [ 0.500000000 , 0.966666667 , 0.240740741 ]
 - [ 0.500000000 , 0.966666667 , 0.277777778 ]
 - [ 0.500000000 , 0.966666667 , 0.314814815 ]
 - [ 0.500000000 , 0.966666667 , 0.351851852 ]
 - [ 0.500000000 , 0.966666667 , 0.388888889 ]
 - [ 0.500000000 , 0.966666667 , 0.425925926 ]
 - [ 0.500000000 , 0.966666667 , 0.462962963 ]
 - [ 0.500000000 , 0.966666667 , 0.500000000 ]
 - [ 0.500000000 , 0.966666667 , 0.537037037 ]
 - [ 0.500000000 , 0.966666667 , 0.574074074 ]
 - [ 0.500000000 , 0.966666667 , 0.611111111 ]
 - [ 0.500000000 , 0.966666667 , 0.648148148 ]
 - [ 0.500000000 , 0.966666667 , 0.685185185 ]
 - [ 0.500000000 , 0.966666667 , 0.722222222 ]
 - [ 0.500000000 , 0.966666667 , 0.759259259 ]
 - [ 0.500000000 , 0.966666667 , 0.796296296 ]
 - [ 0.500000000 , 0.966666667 , 0.833333333 ]
 - [ 0.500000000 , 0.966666667 , 0.870370370 ]
 - [ 0.500000000 , 0.966666667 , 0.907407407 ]
 - [ 0.500000000 , 0.966666667 , 0.944444444 ]
 - [ 0.500000000 , 0.966666667 , 0.981481481 ]
 - [ 0.500000000 , 0.011111111 , 0.018518519 ]
 - [ 0.500000000 , 0.011111111 , 0.055555556 ]
 - [ 0.500000000 , 0.011111111 , 0.092592593 ]
 - [ 0.500000000 , 0.011111111 , 0.129629630 ]
 - [ 0.500000000 , 0.011111111 , 0.166666667 ]
 - [ 0.500000000 , 0.011111111 , 0.203703704 ]
 - [ 0.500000000 , 0.011111111 , 0.240740741 ]
 - [ 0.500000000 , 0.011111111 , 0.277777778 ]
 - [ 0.500000000 , 0.011111111 , 0.314814815 ]
 - [ 0.500000000 , 0.011111111 , 0.351851852 ]
 - [ 0.500000000 , 0.011111111 , 0.388888889 ]
 - [ 0.500000000 , 0.011111111 , 0.425925926 ]
 - [ 0.500000000 , 0.011111111 , 0.462962963 ]
 - [ 0.500000000 , 0.011111111 , 0.500000000 ]
 - [ 0.500000000 , 0.011111111 , 0.537037037 ]
 - [ 0.500000000 , 0.011111111 , 0.574074074 ]
 - [ 0.500000000 , 0.011111111 , 0.611111111 ]
 - [ 0.500000000 , 0.011111111 , 0.648148148 ]
 - [ 0.500000000 , 0.011111111 , 0.685185185 ]
 - [ 0.500000000 , 0.011111111 , 0.722222222 ]
 - [ 0.500000000 , 0.011111111 , 0.759259259 ]
 - [ 0.500000000 , 0.011111111 , 0.796296296 ]
 - [ 0.500000000 , 0.011111111 , 0.833333333 ]
 - [ 0.500000000 , 0.011111111 , 0.870370370 ]
 - [ 0.500000000 , 0.011111111 , 0.907407407 ]
 - [ 0.500000000 , 0.011111111 , 0.944444444 ]
 - [ 0.500000000 , 0.011111111 , 0.981481481 ]
 - [ 0.500000000 , 0.077777778 , 0.018518519 ]
 - [ 0.500000000 , 0.077777778 , 0.055555556 ]
 - [ 0.500000000 , 0.077777778 , 0.092592593 ]
 - [ 0.500000000 , 0.077777778 , 0.129629630 ]
 - [ 0.500000000 , 0.077777778 , 0.166666667 ]
 - [ 0.500000000 , 0.077777778 , 0.203703704 ]
 - [ 0.500000000 , 0.077777778 , 0.240740741 ]
 - [ 0.500000000 , 0.077777778 , 0.277777778 ]
 - [ 0.500000000 , 0.077777778 , 0.314814815 ]
 - [ 0.500000000 , 0.077777778 , 0.351851852 ]
 - [ 0.500000000 , 0.077777778 , 0.388888889 ]
 - [ 0.500000000 , 0.077777778 , 0.425925926 ]
 - [ 0.500000000 , 0.077777778 , 0.462962963 ]
 - [ 0.500000000 , 0.077777778 , 0.500000000 ]
 - [ 0.500000000 , 0.077777778 , 0.537037037 ]
 - [ 0.500000000 , 0.077777778 , 0.574074074 ]
 - [ 0.500000000 , 0.077777778 , 0.611111111 ]
 - [ 0.500000000 , 0.077777778 , 0.648148148 ]
 - [ 0.500000000 , 0.077777778 , 0.685185185 ]
 - [ 0.500000000 , 0.077777778 , 0.722222222 ]
 - [ 0.500000000 , 0.077777778 , 0.759259259 ]
 - [ 0.500000000 , 0.077777778 , 0.796296296 ]
 - [ 0.500000000 , 0.077777778 , 0.833333333 ]
 - [ 0.500000000 , 0.077777778 , 0.870370370 ]
 - [ 0.500000000 , 0.077777778 , 0.907407407 ]
 - [ 0.500000000 , 0.077777778 , 0.944444444 ]
 - [ 0.500000000 , 0.077777778 , 0.981481481 ]
 - [ 0.500000000 , 0.144444444 , 0.018518519 ]
 - [ 0.500000000 , 0.144444444 , 0.055555556 ]
 - [ 0.500000000 , 0.144444444 , 0.092592593 ]
 - [ 0.500000000 , 0.144444444 , 0.129629630 ]
 - [ 0.500000000 , 0.144444444 , 0.166666667 ]
 - [ 0.500000000 , 0.144444444 , 0.203703704 ]
 - [ 0.500000000 , 0.144444444 , 0.240740741 ]
 - [ 0.500000000 , 0.144444444 , 0.277777778 ]
 - [ 0.500000000 , 0.144444444 , 0.314814815 ]
 - [ 0.500000000 , 0.144444444 , 0.351851852 ]
 - [ 0.500000000 , 0.144444444 , 0.388888889 ]
 - [ 0.500000000 , 0.144444444 , 0.425925926 ]
 - [ 0.500000000 , 0.144444444 , 0.462962963 ]
 - [ 0.500000000 , 0.144444444 , 0.500000000 ]
 - [ 0.500000000 , 0.144444444 , 0.537037037 ]
 - [ 0.500000000 , 0.144444444 , 0.574074074 ]
 - [ 0.500000000 , 0.144444444 , 0.611111111 ]
 - [ 0.500000000 , 0.144444444 , 0.648148148 ]
 - [ 0.500000000 , 0.144444444 , 0.685185185 ]
 - [ 0.500000000 , 0.144444444 , 0.722222222 ]
 - [ 0.500000000 , 0.144444444 , 0.759259259 ]
 - [ 0.500000000 , 0.144444444 , 0.796296296 ]
 - [ 0.500000000 , 0.144444444 , 0.833333333 ]
 - [ 0.500000000 , 0.144444444 , 0.870370370 ]
 - [ 0.500000000 , 0.144444444 , 0.907407407 ]
 - [ 0.500000000 , 0.144444444 , 0.944444444 ]
 - [ 0.500000000 , 0.144444444 , 0.981481481 ]
 - [ 0.500000000 , 0.211111111 , 0.018518519 ]
 - [ 0.500000000 , 0.211111111 , 0.055555556 ]
 - [ 0.500000000 , 0.211111111 , 0.092592593 ]
 - [ 0.500000000 , 0.211111111 , 0.129629630 ]
 - [ 0.500000000 , 0.211111111 , 0.166666667 ]
 - [ 0.500000000 , 0.211111111 , 0.203703704 ]
 - [ 0.500000000 , 0.211111111 , 0.240740741 ]
 - [ 0.500000000 , 0.211111111 , 0.277777778 ]
 - [ 0.500000000 , 0.211111111 , 0.314814815 ]
 - [ 0.500000000 , 0.211111111 , 0.351851852 ]
 - [ 0.500000000 , 0.211111111 , 0.388888889 ]
 - [ 0.500000000 , 0.211111111 , 0.425925926 ]
 - [ 0.500000000 , 0.211111111 , 0.462962963 ]
 - [ 0.500000000 , 0.211111111 , 0.500000000 ]
 - [ 0.500000000 , 0.211111111 , 0.537037037 ]
 - [ 0.500000000 , 0.211111111 , 0.574074074 ]
 - [ 0.500000000 , 0.211111111 , 0.611111111 ]
 - [ 0.500000000 , 0.211111111 , 0.648148148 ]
 - [ 0.500000000 , 0.211111111 , 0.685185185 ]
 - [ 0.500000000 , 0.211111111 , 0.722222222 ]
 - [ 0.500000000 , 0.211111111 , 0.759259259 ]
 - [ 0.500000000 , 0.211111111 , 0.796296296 ]
 - [ 0.500000000 , 0.211111111 , 0.833333333 ]
 - [ 0.500000000 , 0.211111111 , 0.870370370 ]
 - [ 0.500000000 , 0.211111111 , 0.907407407 ]
 - [ 0.500000000 , 0.211111111 , 0.944444444 ]
 - [ 0.500000000 , 0.211111111 , 0.981481481 ]
 - [ 0.500000000 , 0.277777778 , 0.018518519 ]
 - [ 0.500000000 , 0.277777778 , 0.055555556 ]
 - [ 0.500000000 , 0.277777778 , 0.092592593 ]
 - [ 0.500000000 , 0.277777778 , 0.129629630 ]
 - [ 0.500000000 , 0.277777778 , 0.166666667 ]
 - [ 0.500000000 , 0.277777778 , 0.203703704 ]
 - [ 0.500000000 , 0.277777778 , 0.240740741 ]
 - [ 0.500000000 , 0.277777778 , 0.277777778 ]
 - [ 0.500000000 , 0.277777778 , 0.314814815 ]
 - [ 0.500000000 , 0.277777778 , 0.351851852 ]
 - [ 0.500000000 , 0.277777778 , 0.388888889 ]
 - [ 0.500000000 , 0.277777778 , 0.425925926 ]
 - [ 0.500000000 , 0.277777778 , 0.462962963 ]
 - [ 0.500000000 , 0.277777778 , 0.500000000 ]
 - [ 0.500000000 , 0.277777778 , 0.537037037 ]
 - [ 0.500000000 , 0.277777778 , 0.574074074 ]
 - [ 0.500000000 , 0.277777778 , 0.611111111 ]
 - [ 0.500000000 , 0.277777778 , 0.648148148 ]
 - [ 0.500000000 , 0.277777778 , 0.685185185 ]
 - [ 0.500000000 , 0.277777778 , 0.722222222 ]
 - [ 0.500000000 , 0.277777778 , 0.759259259 ]
 - [ 0.500000000 , 0.277777778 , 0.796296296 ]
 - [ 0.500000000 , 0.277777778 , 0.833333333 ]
 - [ 0.500000000 , 0.277777778 , 0.870370370 ]
 - [ 0.500000000 , 0.277777778 , 0.907407407 ]
 - [ 0.500000000 , 0.277777778 , 0.944444444 ]
 - [ 0.500000000 , 0.277777778 , 0.981481481 ]
 - [ 0.500000000 , 0.344444444 , 0.018518519 ]
 - [ 0.500000000 , 0.344444444 , 0.055555556 ]
 - [ 0.500000000 , 0.344444444 , 0.092592593 ]
 - [ 0.500000000 , 0.344444444 , 0.129629630 ]
 - [ 0.500000000 , 0.344444444 , 0.166666667 ]
 - [ 0.500000000 , 0.344444444 , 0.203703704 ]
 - [ 0.500000000 , 0.344444444 , 0.240740741 ]
 - [ 0.500000000 , 0.344444444 , 0.277777778 ]
 - [ 0.500000000 , 0.344444444 , 0.314814815 ]
 - [ 0.500000000 , 0.344444444 , 0.351851852 ]
 - [ 0.500000000 , 0.344444444 , 0.388888889 ]
 - [ 0.500000000 , 0.344444444 , 0.425925926 ]
 - [ 0.500000000 , 0.344444444 , 0.462962963 ]
 - [ 0.500000000 , 0.344444444 , 0.500000000 ]
 - [ 0.500000000 , 0.344444444 , 0.537037037 ]
 - [ 0.500000000 , 0.344444444 , 0.574074074 ]
 - [ 0.500000000 , 0.344444444 , 0.611111111 ]
 - [ 0.500000000 , 0.344444444 , 0.648148148 ]
 - [ 0.500000000 , 0.344444444 , 0.685185185 ]
 - [ 0.500000000 , 0.344444444 , 0.722222222 ]
 - [ 0.500000000 , 0.344444444 , 0.759259259 ]
 - [ 0.500000000 , 0.344444444 , 0.796296296 ]
 - [ 0.500000000 , 0.344444444 , 0.833333333 ]
 - [ 0.500000000 , 0.344444444 , 0.870370370 ]
 - [ 0.500000000 , 0.344444444 , 0.907407407 ]
 - [ 0.500000000 , 0.344444444 , 0.944444444 ]
 - [ 0.500000000 , 0.344444444 , 0.981481481 ]
 - [ 0.500000000 , 0.411111111 , 0.018518519 ]
 - [ 0.500000000 , 0.411111111 , 0.055555556 ]
 - [ 0.500000000 , 0.411111111 , 0.092592593 ]
 - [ 0.500000000 , 0.411111111 , 0.129629630 ]
 - [ 0.500000000 , 0.411111111 , 0.166666667 ]
 - [ 0.500000000 , 0.411111111 , 0.203703704 ]
 - [ 0.500000000 , 0.411111111 , 0.240740741 ]
 - [ 0.500000000 , 0.411111111 , 0.277777778 ]
 - [ 0.500000000 , 0.411111111 , 0.314814815 ]
 - [ 0.500000000 , 0.411111111 , 0.351851852 ]
 - [ 0.500000000 , 0.411111111 , 0.388888889 ]
 - [ 0.500000000 , 0.411111111 , 0.425925926 ]
 - [ 0.500000000 , 0.411111111 , 0.462962963 ]
 - [ 0.500000000 , 0.411111111 , 0.500000000 ]
 - [ 0.500000000 , 0.411111111 , 0.537037037 ]
 - [ 0.500000000 , 0.411111111 , 0.574074074 ]
 - [ 0.500000000 , 0.411111111 , 0.611111111 ]
 - [ 0.500000000 , 0.411111111 , 0.648148148 ]
 - [ 0.500000000 , 0.411111111 , 0.685185185 ]
 - [ 0.500000000 , 0.411111111 , 0.722222222 ]
 - [ 0.500000000 , 0.411111111 , 0.759259259 ]
 - [ 0.500000000 , 0.411111111 , 0.796296296 ]
 - [ 0.500000000 , 0.411111111 , 0.833333333 ]
 - [ 0.500000000 , 0.411111111 , 0.870370370 ]
 - [ 0.500000000 , 0.411111111 , 0.907407407 ]
 - [ 0.500000000 , 0.411111111 , 0.944444444 ]
 - [ 0.500000000 , 0.411111111 , 0.981481481 ]
 - [ 0.500000000 , 0.477777778 , 0.018518519 ]
 - [ 0.500000000 , 0.477777778 , 0.055555556 ]
 - [ 0.500000000 , 0.477777778 , 0.092592593 ]
 - [ 0.500000000 , 0.477777778 , 0.129629630 ]
 - [ 0.500000000 , 0.477777778 , 0.166666667 ]
 - [ 0.500000000 , 0.477777778 , 0.203703704 ]
 - [ 0.500000000 , 0.477777778 , 0.240740741 ]
 - [ 0.500000000 , 0.477777778 , 0.277777778 ]
 - [ 0.500000000 , 0.477777778 , 0.314814815 ]
 - [ 0.500000000 , 0.477777778 , 0.351851852 ]
 - [ 0.500000000 , 0.477777778 , 0.388888889 ]
 - [ 0.500000000 , 0.477777778 , 0.425925926 ]
 - [ 0.500000000 , 0.477777778 , 0.462962963 ]
 - [ 0.500000000 , 0.477777778 , 0.500000000 ]
 - [ 0.500000000 , 0.477777778 , 0.537037037 ]
 - [ 0.500000000 , 0.477777778 , 0.574074074 ]
 - [ 0.500000000 , 0.477777778 , 0.611111111 ]
 - [ 0.500000000 , 0.477777778 , 0.648148148 ]
 - [ 0.500000000 , 0.477777778 , 0.685185185 ]
 - [ 0.500000000 , 0.477777778 , 0.722222222 ]
 - [ 0.500000000 , 0.477777778 , 0.759259259 ]
 - [ 0.500000000 , 0.477777778 , 0.796296296 ]
 - [ 0.500000000 , 0.477777778 , 0.833333333 ]
 - [ 0.500000000 , 0.477777778 , 0.870370370 ]
 - [ 0.500000000 , 0.477777778 , 0.907407407 ]
 - [ 0.500000000 , 0.477777778 , 0.944444444 ]
 - [ 0.500000000 , 0.477777778 , 0.981481481 ]
 - [ 0.500000000 , 0.544444444 , 0.018518519 ]
 - [ 0.500000000 , 0.544444444 , 0.055555556 ]
 - [ 0.500000000 , 0.544444444 , 0.092592593 ]
 - [ 0.500000000 , 0.544444444 , 0.129629630 ]
 - [ 0.500000000 , 0.544444444 , 0.166666667 ]
 - [ 0.500000000 , 0.544444444 , 0.203703704 ]
 - [ 0.500000000 , 0.544444444 , 0.240740741 ]
 - [ 0.500000000 , 0.544444444 , 0.277777778 ]
 - [ 0.500000000 , 0.544444444 , 0.314814815 ]
 - [ 0.500000000 , 0.544444444 , 0.351851852 ]
 - [ 0.500000000 , 0.544444444 , 0.388888889 ]
 - [ 0.500000000 , 0.544444444 , 0.425925926 ]
 - [ 0.500000000 , 0.544444444 , 0.462962963 ]
 - [ 0.500000000 , 0.544444444 , 0.500000000 ]
 - [ 0.500000000 , 0.544444444 , 0.537037037 ]
 - [ 0.500000000 , 0.544444444 , 0.574074074 ]
 - [ 0.500000000 , 0.544444444 , 0.611111111 ]
 - [ 0.500000000 , 0.544444444 , 0.648148148 ]
 - [ 0.500000000 , 0.544444444 , 0.685185185 ]
 - [ 0.500000000 , 0.544444444 , 0.722222222 ]
 - [ 0.500000000 , 0.544444444 , 0.759259259 ]
 - [ 0.500000000 , 0.544444444 , 0.796296296 ]
 - [ 0.500000000 , 0.544444444 , 0.833333333 ]
 - [ 0.500000000 , 0.544444444 , 0.870370370 ]
 - [ 0.500000000 , 0.544444444 , 0.907407407 ]
 - [ 0.500000000 , 0.544444444 , 0.944444444 ]
 - [ 0.500000000 , 0.544444444 , 0.981481481 ]
 - [ 0.500000000 , 0.611111111 , 0.018518519 ]
 - [ 0.500000000 , 0.611111111 , 0.055555556 ]
 - [ 0.500000000 , 0.611111111 , 0.092592593 ]
 - [ 0.500000000 , 0.611111111 , 0.129629630 ]
 - [ 0.500000000 , 0.611111111 , 0.166666667 ]
 - [ 0.500000000 , 0.611111111 , 0.203703704 ]
 - [ 0.500000000 , 0.611111111 , 0.240740741 ]
 - [ 0.500000000 , 0.611111111 , 0.277777778 ]
 - [ 0.500000000 , 0.611111111 , 0.314814815 ]
 - [ 0.500000000 , 0.611111111 , 0.351851852 ]
 - [ 0.500000000 , 0.611111111 , 0.388888889 ]
 - [ 0.500000000 , 0.611111111 , 0.425925926 ]
 - [ 0.500000000 , 0.611111111 , 0.462962963 ]
 - [ 0.500000000 , 0.611111111 , 0.500000000 ]
 - [ 0.500000000 , 0.611111111 , 0.537037037 ]
 - [ 0.500000000 , 0.611111111 , 0.574074074 ]
 - [ 0.500000000 , 0.611111111 , 0.611111111 ]
 - [ 0.500000000 , 0.611111111 , 0.648148148 ]
 - [ 0.500000000 , 0.611111111 , 0.685185185 ]
 - [ 0.500000000 , 0.611111111 , 0.722222222 ]
 - [ 0.500000000 , 0.611111111 , 0.759259259 ]
 - [ 0.500000000 , 0.611111111 , 0.796296296 ]
 - [ 0.500000000 , 0.611111111 , 0.833333333 ]
 - [ 0.500000000 , 0.611111111 , 0.870370370 ]
 - [ 0.500000000 , 0.611111111 , 0.907407407 ]
 - [ 0.500000000 , 0.611111111 , 0.944444444 ]
 - [ 0.500000000 , 0.611111111 , 0.981481481 ]
 - [ 0.500000000 , 0.677777778 , 0.018518519 ]
 - [ 0.500000000 , 0.677777778 , 0.055555556 ]
 - [ 0.500000000 , 0.677777778 , 0.092592593 ]
 - [ 0.500000000 , 0.677777778 , 0.129629630 ]
 - [ 0.500000000 , 0.677777778 , 0.166666667 ]
 - [ 0.500000000 , 0.677777778 , 0.203703704 ]
 - [ 0.500000000 , 0.677777778 , 0.240740741 ]
 - [ 0.500000000 , 0.677777778 , 0.277777778 ]
 - [ 0.500000000 , 0.677777778 , 0.314814815 ]
 - [ 0.500000000 , 0.677777778 , 0.351851852 ]
 - [ 0.500000000 , 0.677777778 , 0.388888889 ]
 - [ 0.500000000 , 0.677777778 , 0.425925926 ]
 - [ 0.500000000 , 0.677777778 , 0.462962963 ]
 - [ 0.500000000 , 0.677777778 , 0.500000000 ]
 - [ 0.500000000 , 0.677777778 , 0.537037037 ]
 - [ 0.500000000 , 0.677777778 , 0.574074074 ]
 - [ 0.500000000 , 0.677777778 , 0.611111111 ]
 - [ 0.500000000 , 0.677777778 , 0.648148148 ]
 - [ 0.500000000 , 0.677777778 , 0.685185185 ]
 - [ 0.500000000 , 0.677777778 , 0.722222222 ]
 - [ 0.500000000 , 0.677777778 , 0.759259259 ]
 - [ 0.500000000 , 0.677777778 , 0.796296296 ]
 - [ 0.500000000 , 0.677777778 , 0.833333333 ]
 - [ 0.500000000 , 0.677777778 , 0.870370370 ]
 - [ 0.500000000 , 0.677777778 , 0.907407407 ]
 - [ 0.500000000 , 0.677777778 , 0.944444444 ]
 - [ 0.500000000 , 0.677777778 , 0.981481481 ]
 - [ 0.500000000 , 0.744444444 , 0.018518519 ]
 - [ 0.500000000 , 0.744444444 , 0.055555556 ]
 - [ 0.500000000 , 0.744444444 , 0.092592593 ]
 - [ 0.500000000 , 0.744444444 , 0.129629630 ]
 - [ 0.500000000 , 0.744444444 , 0.166666667 ]
 - [ 0.500000000 , 0.744444444 , 0.203703704 ]
 - [ 0.500000000 , 0.744444444 , 0.240740741 ]
 - [ 0.500000000 , 0.744444444 , 0.277777778 ]
 - [ 0.500000000 , 0.744444444 , 0.314814815 ]
 - [ 0.500000000 , 0.744444444 , 0.351851852 ]
 - [ 0.500000000 , 0.744444444 , 0.388888889 ]
 - [ 0.500000000 , 0.744444444 , 0.425925926 ]
 - [ 0.500000000 , 0.744444444 , 0.462962963 ]
 - [ 0.500000000 , 0.744444444 , 0.500000000 ]
 - [ 0.500000000 , 0.744444444 , 0.537037037 ]
 - [ 0.500000000 , 0.744444444 , 0.574074074 ]
 - [ 0.500000000 , 0.744444444 , 0.611111111 ]
 - [ 0.500000000 , 0.744444444 , 0.648148148 ]
 - [ 0.500000000 , 0.744444444 , 0.685185185 ]
 - [ 0.500000000 , 0.744444444 , 0.722222222 ]
 - [ 0.500000000 , 0.744444444 , 0.759259259 ]
 - [ 0.500000000 , 0.744444444 , 0.796296296 ]
 - [ 0.500000000 , 0.744444444 , 0.833333333 ]
 - [ 0.500000000 , 0.744444444 , 0.870370370 ]
 - [ 0.500000000 , 0.744444444 , 0.907407407 ]
 - [ 0.500000000 , 0.744444444 , 0.944444444 ]
 - [ 0.500000000 , 0.744444444 , 0.981481481 ]
 - [ 0.500000000 , 0.811111111 , 0.018518519 ]
 - [ 0.500000000 , 0.811111111 , 0.055555556 ]
 - [ 0.500000000 , 0.811111111 , 0.092592593 ]
 - [ 0.500000000 , 0.811111111 , 0.129629630 ]
 - [ 0.500000000 , 0.811111111 , 0.166666667 ]
 - [ 0.500000000 , 0.811111111 , 0.203703704 ]
 - [ 0.500000000 , 0.811111111 , 0.240740741 ]
 - [ 0.500000000 , 0.811111111 , 0.277777778 ]
 - [ 0.500000000 , 0.811111111 , 0.314814815 ]
 - [ 0.500000000 , 0.811111111 , 0.351851852 ]
 - [ 0.500000000 , 0.811111111 , 0.388888889 ]
 - [ 0.500000000 , 0.811111111 , 0.425925926 ]
 - [ 0.500000000 , 0.811111111 , 0.462962963 ]
 - [ 0.500000000 , 0.811111111 , 0.500000000 ]
 - [ 0.500000000 , 0.811111111 , 0.537037037 ]
 - [ 0.500000000 , 0.811111111 , 0.574074074 ]
 - [ 0.500000000 , 0.811111111 , 0.611111111 ]
 - [ 0.500000000 , 0.811111111 , 0.648148148 ]
 - [ 0.500000000 , 0.811111111 , 0.685185185 ]
 - [ 0.500000000 , 0.811111111 , 0.722222222 ]
 - [ 0.500000000 , 0.811111111 , 0.759259259 ]
 - [ 0.500000000 , 0.811111111 , 0.796296296 ]
 - [ 0.500000000 , 0.811111111 , 0.833333333 ]
 - [ 0.500000000 , 0.811111111 , 0.870370370 ]
 - [ 0.500000000 , 0.811111111 , 0.907407407 ]
 - [ 0.500000000 , 0.811111111 , 0.944444444 ]
 - [ 0.500000000 , 0.811111111 , 0.981481481 ]
 - [ 0.500000000 , 0.877777778 , 0.018518519 ]
 - [ 0.500000000 , 0.877777778 , 0.055555556 ]
 - [ 0.500000000 , 0.877777778 , 0.092592593 ]
 - [ 0.500000000 , 0.877777778 , 0.129629630 ]
 - [ 0.500000000 , 0.877777778 , 0.166666667 ]
 - [ 0.500000000 , 0.877777778 , 0.203703704 ]
 - [ 0.500000000 , 0.877777778 , 0.240740741 ]
 - [ 0.500000000 , 0.877777778 , 0.277777778 ]
 - [ 0.500000000 , 0.877777778 , 0.314814815 ]
 - [ 0.500000000 , 0.877777778 , 0.351851852 ]
 - [ 0.500000000 , 0.877777778 , 0.388888889 ]
 - [ 0.500000000 , 0.877777778 , 0.425925926 ]
 - [ 0.500000000 , 0.877777778 , 0.462962963 ]
 - [ 0.500000000 , 0.877777778 , 0.500000000 ]
 - [ 0.500000000 , 0.877777778 , 0.537037037 ]
 - [ 0.500000000 , 0.877777778 , 0.574074074 ]
 - [ 0.500000000 , 0.877777778 , 0.611111111 ]
 - [ 0.500000000 , 0.877777778 , 0.648148148 ]
 - [ 0.500000000 , 0.877777778 , 0.685185185 ]
 - [ 0.500000000 , 0.877777778 , 0.722222222 ]
 - [ 0.500000000 , 0.877777778 , 0.759259259 ]
 - [ 0.500000000 , 0.877777778 , 0.796296296 ]
 - [ 0.500000000 , 0.877777778 , 0.833333333 ]
 - [ 0.500000000 , 0.877777778 , 0.870370370 ]
 - [ 0.500000000 , 0.877777778 , 0.907407407 ]
 - [ 0.500000000 , 0.877777778 , 0.944444444 ]
 - [ 0.500000000 , 0.877777778 , 0.981481481 ]
 - [ 0.500000000 , 0.944444444 , 0.018518519 ]
 - [ 0.500000000 , 0.944444444 , 0.055555556 ]
 - [ 0.500000000 , 0.944444444 , 0.092592593 ]
 - [ 0.500000000 , 0.944444444 , 0.129629630 ]
 - [ 0.500000000 , 0.944444444 , 0.166666667 ]
 - [ 0.500000000 , 0.944444444 , 0.203703704 ]
 - [ 0.500000000 , 0.944444444 , 0.240740741 ]
 - [ 0.500000000 , 0.944444444 , 0.277777778 ]
 - [ 0.500000000 , 0.944444444 , 0.314814815 ]
 - [ 0.500000000 , 0.944444444 , 0.351851852 ]
 - [ 0.500000000 , 0.944444444 , 0.388888889 ]
 - [ 0.500000000 , 0.944444444 , 0.425925926 ]
 - [ 0.500000000 , 0.944444444 , 0.462962963 ]
 - [ 0.500000000 , 0.944444444 , 0.500000000 ]
 - [ 0.500000000 , 0.944444444 , 0.537037037 ]
 - [ 0.500000000 , 0.944444444 , 0.574074074 ]
 - [ 0.500000000 , 0.944444444 , 0.611111111 ]
 - [ 0.500000000 , 0.944444444 , 0.648148148 ]
 - [ 0.500000000 , 0.944444444 , 0.685185185 ]
 - [ 0.500000000 , 0.944444444 , 0.722222222 ]
 - [ 0.500000000 , 0.944444444 , 0.759259259 ]
 - [ 0.500000000 , 0.944444444 , 0.796296296 ]
 - [ 0.500000000 , 0.944444444 , 0.833333333 ]
 - [ 0.500000000 , 0.944444444 , 0.870370370 ]
 - [ 0.500000000 , 0.944444444 , 0.907407407 ]
 - [ 0.500000000 , 0.944444444 , 0.944444444 ]
 - [ 0.500000000 , 0.944444444 , 0.981481481 ]
