Atom_Num: [      180  ]
Super_Cell: [ 15.117809626 ,  40.259152097 ,  41.838538141 ]

Atom_Red:
 - [ 0.500000000 , 0.000000000 , 0.000000000 ]
 - [ 0.500000000 , 0.000000000 , 0.111111111 ]
 - [ 0.500000000 , 0.000000000 , 0.222222222 ]
 - [ 0.500000000 , 0.000000000 , 0.333333333 ]
 - [ 0.500000000 , 0.000000000 , 0.444444444 ]
 - [ 0.500000000 , 0.000000000 , 0.555555556 ]
 - [ 0.500000000 , 0.000000000 , 0.666666667 ]
 - [ 0.500000000 , 0.000000000 , 0.777777778 ]
 - [ 0.500000000 , 0.000000000 , 0.888888889 ]
 - [ 0.500000000 , 0.200000000 , 0.000000000 ]
 - [ 0.500000000 , 0.200000000 , 0.111111111 ]
 - [ 0.500000000 , 0.200000000 , 0.222222222 ]
 - [ 0.500000000 , 0.200000000 , 0.333333333 ]
 - [ 0.500000000 , 0.200000000 , 0.444444444 ]
 - [ 0.500000000 , 0.200000000 , 0.555555556 ]
 - [ 0.500000000 , 0.200000000 , 0.666666667 ]
 - [ 0.500000000 , 0.200000000 , 0.777777778 ]
 - [ 0.500000000 , 0.200000000 , 0.888888889 ]
 - [ 0.500000000 , 0.400000000 , 0.000000000 ]
 - [ 0.500000000 , 0.400000000 , 0.111111111 ]
 - [ 0.500000000 , 0.400000000 , 0.222222222 ]
 - [ 0.500000000 , 0.400000000 , 0.333333333 ]
 - [ 0.500000000 , 0.400000000 , 0.444444444 ]
 - [ 0.500000000 , 0.400000000 , 0.555555556 ]
 - [ 0.500000000 , 0.400000000 , 0.666666667 ]
 - [ 0.500000000 , 0.400000000 , 0.777777778 ]
 - [ 0.500000000 , 0.400000000 , 0.888888889 ]
 - [ 0.500000000 , 0.600000000 , 0.000000000 ]
 - [ 0.500000000 , 0.600000000 , 0.111111111 ]
 - [ 0.500000000 , 0.600000000 , 0.222222222 ]
 - [ 0.500000000 , 0.600000000 , 0.333333333 ]
 - [ 0.500000000 , 0.600000000 , 0.444444444 ]
 - [ 0.500000000 , 0.600000000 , 0.555555556 ]
 - [ 0.500000000 , 0.600000000 , 0.666666667 ]
 - [ 0.500000000 , 0.600000000 , 0.777777778 ]
 - [ 0.500000000 , 0.600000000 , 0.888888889 ]
 - [ 0.500000000 , 0.800000000 , 0.000000000 ]
 - [ 0.500000000 , 0.800000000 , 0.111111111 ]
 - [ 0.500000000 , 0.800000000 , 0.222222222 ]
 - [ 0.500000000 , 0.800000000 , 0.333333333 ]
 - [ 0.500000000 , 0.800000000 , 0.444444444 ]
 - [ 0.500000000 , 0.800000000 , 0.555555556 ]
 - [ 0.500000000 , 0.800000000 , 0.666666667 ]
 - [ 0.500000000 , 0.800000000 , 0.777777778 ]
 - [ 0.500000000 , 0.800000000 , 0.888888889 ]
 - [ 0.500000000 , 0.133333333 , 0.000000000 ]
 - [ 0.500000000 , 0.133333333 , 0.111111111 ]
 - [ 0.500000000 , 0.133333333 , 0.222222222 ]
 - [ 0.500000000 , 0.133333333 , 0.333333333 ]
 - [ 0.500000000 , 0.133333333 , 0.444444444 ]
 - [ 0.500000000 , 0.133333333 , 0.555555556 ]
 - [ 0.500000000 , 0.133333333 , 0.666666667 ]
 - [ 0.500000000 , 0.133333333 , 0.777777778 ]
 - [ 0.500000000 , 0.133333333 , 0.888888889 ]
 - [ 0.500000000 , 0.333333333 , 0.000000000 ]
 - [ 0.500000000 , 0.333333333 , 0.111111111 ]
 - [ 0.500000000 , 0.333333333 , 0.222222222 ]
 - [ 0.500000000 , 0.333333333 , 0.333333333 ]
 - [ 0.500000000 , 0.333333333 , 0.444444444 ]
 - [ 0.500000000 , 0.333333333 , 0.555555556 ]
 - [ 0.500000000 , 0.333333333 , 0.666666667 ]
 - [ 0.500000000 , 0.333333333 , 0.777777778 ]
 - [ 0.500000000 , 0.333333333 , 0.888888889 ]
 - [ 0.500000000 , 0.533333333 , 0.000000000 ]
 - [ 0.500000000 , 0.533333333 , 0.111111111 ]
 - [ 0.500000000 , 0.533333333 , 0.222222222 ]
 - [ 0.500000000 , 0.533333333 , 0.333333333 ]
 - [ 0.500000000 , 0.533333333 , 0.444444444 ]
 - [ 0.500000000 , 0.533333333 , 0.555555556 ]
 - [ 0.500000000 , 0.533333333 , 0.666666667 ]
 - [ 0.500000000 , 0.533333333 , 0.777777778 ]
 - [ 0.500000000 , 0.533333333 , 0.888888889 ]
 - [ 0.500000000 , 0.733333333 , 0.000000000 ]
 - [ 0.500000000 , 0.733333333 , 0.111111111 ]
 - [ 0.500000000 , 0.733333333 , 0.222222222 ]
 - [ 0.500000000 , 0.733333333 , 0.333333333 ]
 - [ 0.500000000 , 0.733333333 , 0.444444444 ]
 - [ 0.500000000 , 0.733333333 , 0.555555556 ]
 - [ 0.500000000 , 0.733333333 , 0.666666667 ]
 - [ 0.500000000 , 0.733333333 , 0.777777778 ]
 - [ 0.500000000 , 0.733333333 , 0.888888889 ]
 - [ 0.500000000 , 0.933333333 , 0.000000000 ]
 - [ 0.500000000 , 0.933333333 , 0.111111111 ]
 - [ 0.500000000 , 0.933333333 , 0.222222222 ]
 - [ 0.500000000 , 0.933333333 , 0.333333333 ]
 - [ 0.500000000 , 0.933333333 , 0.444444444 ]
 - [ 0.500000000 , 0.933333333 , 0.555555556 ]
 - [ 0.500000000 , 0.933333333 , 0.666666667 ]
 - [ 0.500000000 , 0.933333333 , 0.777777778 ]
 - [ 0.500000000 , 0.933333333 , 0.888888889 ]
 - [ 0.500000000 , 0.100000000 , 0.055555556 ]
 - [ 0.500000000 , 0.100000000 , 0.166666667 ]
 - [ 0.500000000 , 0.100000000 , 0.277777778 ]
 - [ 0.500000000 , 0.100000000 , 0.388888889 ]
 - [ 0.500000000 , 0.100000000 , 0.500000000 ]
 - [ 0.500000000 , 0.100000000 , 0.611111111 ]
 - [ 0.500000000 , 0.100000000 , 0.722222222 ]
 - [ 0.500000000 , 0.100000000 , 0.833333333 ]
 - [ 0.500000000 , 0.100000000 , 0.944444444 ]
 - [ 0.500000000 , 0.300000000 , 0.055555556 ]
 - [ 0.500000000 , 0.300000000 , 0.166666667 ]
 - [ 0.500000000 , 0.300000000 , 0.277777778 ]
 - [ 0.500000000 , 0.300000000 , 0.388888889 ]
 - [ 0.500000000 , 0.300000000 , 0.500000000 ]
 - [ 0.500000000 , 0.300000000 , 0.611111111 ]
 - [ 0.500000000 , 0.300000000 , 0.722222222 ]
 - [ 0.500000000 , 0.300000000 , 0.833333333 ]
 - [ 0.500000000 , 0.300000000 , 0.944444444 ]
 - [ 0.500000000 , 0.500000000 , 0.055555556 ]
 - [ 0.500000000 , 0.500000000 , 0.166666667 ]
 - [ 0.500000000 , 0.500000000 , 0.277777778 ]
 - [ 0.500000000 , 0.500000000 , 0.388888889 ]
 - [ 0.500000000 , 0.500000000 , 0.500000000 ]
 - [ 0.500000000 , 0.500000000 , 0.611111111 ]
 - [ 0.500000000 , 0.500000000 , 0.722222222 ]
 - [ 0.500000000 , 0.500000000 , 0.833333333 ]
 - [ 0.500000000 , 0.500000000 , 0.944444444 ]
 - [ 0.500000000 , 0.700000000 , 0.055555556 ]
 - [ 0.500000000 , 0.700000000 , 0.166666667 ]
 - [ 0.500000000 , 0.700000000 , 0.277777778 ]
 - [ 0.500000000 , 0.700000000 , 0.388888889 ]
 - [ 0.500000000 , 0.700000000 , 0.500000000 ]
 - [ 0.500000000 , 0.700000000 , 0.611111111 ]
 - [ 0.500000000 , 0.700000000 , 0.722222222 ]
 - [ 0.500000000 , 0.700000000 , 0.833333333 ]
 - [ 0.500000000 , 0.700000000 , 0.944444444 ]
 - [ 0.500000000 , 0.900000000 , 0.055555556 ]
 - [ 0.500000000 , 0.900000000 , 0.166666667 ]
 - [ 0.500000000 , 0.900000000 , 0.277777778 ]
 - [ 0.500000000 , 0.900000000 , 0.388888889 ]
 - [ 0.500000000 , 0.900000000 , 0.500000000 ]
 - [ 0.500000000 , 0.900000000 , 0.611111111 ]
 - [ 0.500000000 , 0.900000000 , 0.722222222 ]
 - [ 0.500000000 , 0.900000000 , 0.833333333 ]
 - [ 0.500000000 , 0.900000000 , 0.944444444 ]
 - [ 0.500000000 , 0.033333333 , 0.055555556 ]
 - [ 0.500000000 , 0.033333333 , 0.166666667 ]
 - [ 0.500000000 , 0.033333333 , 0.277777778 ]
 - [ 0.500000000 , 0.033333333 , 0.388888889 ]
 - [ 0.500000000 , 0.033333333 , 0.500000000 ]
 - [ 0.500000000 , 0.033333333 , 0.611111111 ]
 - [ 0.500000000 , 0.033333333 , 0.722222222 ]
 - [ 0.500000000 , 0.033333333 , 0.833333333 ]
 - [ 0.500000000 , 0.033333333 , 0.944444444 ]
 - [ 0.500000000 , 0.233333333 , 0.055555556 ]
 - [ 0.500000000 , 0.233333333 , 0.166666667 ]
 - [ 0.500000000 , 0.233333333 , 0.277777778 ]
 - [ 0.500000000 , 0.233333333 , 0.388888889 ]
 - [ 0.500000000 , 0.233333333 , 0.500000000 ]
 - [ 0.500000000 , 0.233333333 , 0.611111111 ]
 - [ 0.500000000 , 0.233333333 , 0.722222222 ]
 - [ 0.500000000 , 0.233333333 , 0.833333333 ]
 - [ 0.500000000 , 0.233333333 , 0.944444444 ]
 - [ 0.500000000 , 0.433333333 , 0.055555556 ]
 - [ 0.500000000 , 0.433333333 , 0.166666667 ]
 - [ 0.500000000 , 0.433333333 , 0.277777778 ]
 - [ 0.500000000 , 0.433333333 , 0.388888889 ]
 - [ 0.500000000 , 0.433333333 , 0.500000000 ]
 - [ 0.500000000 , 0.433333333 , 0.611111111 ]
 - [ 0.500000000 , 0.433333333 , 0.722222222 ]
 - [ 0.500000000 , 0.433333333 , 0.833333333 ]
 - [ 0.500000000 , 0.433333333 , 0.944444444 ]
 - [ 0.500000000 , 0.633333333 , 0.055555556 ]
 - [ 0.500000000 , 0.633333333 , 0.166666667 ]
 - [ 0.500000000 , 0.633333333 , 0.277777778 ]
 - [ 0.500000000 , 0.633333333 , 0.388888889 ]
 - [ 0.500000000 , 0.633333333 , 0.500000000 ]
 - [ 0.500000000 , 0.633333333 , 0.611111111 ]
 - [ 0.500000000 , 0.633333333 , 0.722222222 ]
 - [ 0.500000000 , 0.633333333 , 0.833333333 ]
 - [ 0.500000000 , 0.633333333 , 0.944444444 ]
 - [ 0.500000000 , 0.833333333 , 0.055555556 ]
 - [ 0.500000000 , 0.833333333 , 0.166666667 ]
 - [ 0.500000000 , 0.833333333 , 0.277777778 ]
 - [ 0.500000000 , 0.833333333 , 0.388888889 ]
 - [ 0.500000000 , 0.833333333 , 0.500000000 ]
 - [ 0.500000000 , 0.833333333 , 0.611111111 ]
 - [ 0.500000000 , 0.833333333 , 0.722222222 ]
 - [ 0.500000000 , 0.833333333 , 0.833333333 ]
 - [ 0.500000000 , 0.833333333 , 0.944444444 ]
